0.983811 0.523643 
0.946565 0.532747 
0.890975 0.541497 
0.853778 0.550587 
0.825983 0.555444 
0.794881 0.564181 
0.765601 0.572301 
0.743515 0.580168 
0.726308 0.586774 
0.717937 0.589482 
0.641397 0.621749 
0.621132 0.627724 
0.60123 0.634156 
0.58104 0.638962 
0.561648 0.643768 
0.544374 0.647991 
0.531071 0.651922 
0.514963 0.657079 
0.500686 0.662242 
0.493424 0.667457 
0.489328 0.667915 
0.477242 0.672635 
0.467858 0.677246 
0.455697 0.682153 
0.445313 0.686734 
0.440387 0.69204 
0.429267 0.693959 
0.414061 0.699984 
0.408672 0.703119 
0.396567 0.70723 
0.380918 0.713777 
0.363689 0.71491 
0.351524 0.716143 
0.337715 0.717266 
0.321086 0.718639 
0.313385 0.720119 
0.302051 0.722104 
0.295429 0.7257 
0.291466 0.730068 
0.289671 0.734233 
0.280139 0.724178 
0.280139 0.724178 
0.272932 0.734536 
0.26988 0.739083 
0.266124 0.745529 
0.263423 0.748861 
0.257515 0.756601 
0.251659 0.761044 
0.241041 0.764975 
0.237141 0.767844 
0.216598 0.773765 
0.210903 0.776912 
0.205627 0.779846 
0.200192 0.782101 
0.194777 0.784693 
0.191007 0.790694 
0.186484 0.794724 
0.182193 0.798765 
0.176856 0.801641 
0.172539 0.804993 
0.174833 0.796987 
0.172286 0.798484 
0.167803 0.802516 
0.162324 0.805737 
0.156906 0.81015 
0.152529 0.813089 
0.147637 0.816374 
0.142901 0.820225 
0.138184 0.823578 
0.13264 0.826479 
0.120461 0.832597 
0.116692 0.833723 
0.11245 0.838203 
0.108713 0.843914 
0.105171 0.849242 
0.101381 0.8546 
0.0971654 0.857949 
0.0924104 0.861442 
0.0883281 0.866263 
0.0842765 0.870897 
0.0857812 0.868678 
0.0807038 0.871672 
0.0767895 0.874267 
0.0724391 0.877403 
0.0678462 0.880512 
0.0639343 0.884147 
0.0599986 0.888235 
0.0563823 0.892386 
0.0521124 0.897018 
0.0480975 0.903072 
0.0385717 0.914373 
0.0385717 0.914373 
0.0371688 0.91589 
0.0322154 0.922539 
0.0208488 0.93792 
0.0208488 0.937895 
0.0146429 0.948064 
0.0146429 0.948064 
0.0115399 0.953953 
0.00843692 0.960677 
