0.0860382 0.628827
0.0860382 0.628827
0.0860382 0.628827
0.0860382 0.628827
0.0674321 0.563631
0.0270511 0.563631
0.0270511 0.563631
0.0270511 0.563631
0.0270511 0.563631
0.0226816 0.563631
0.0226816 0.563631
0.0226816 0.563631
0.0226816 0.563631
0.0123234 0.563631
0.0123234 0.563631
0.0123234 0.563631
0.0123234 0.563631
0.0123234 0.563631
0.0123234 0.563631
0.0123234 0.563631
0.0123234 0.563631
0.0123234 0.563631
0.0123234 0.563631
0.0123234 0.563631
0.0123234 0.563631
0.0123234 0.563631
0.0123234 0.563631
0.0123234 0.563631
0.0123234 0.563631
0.0123234 0.563631
0.0123234 0.563631
0.0123234 0.563631
0.0123234 0.563631
0.0123234 0.563631
0.0123234 0.563631
0.0123234 0.563631
0.0123234 0.563631
0.0123234 0.55788
0.0123234 0.55788
0.0123234 0.55788
0.0123234 0.55788
0.0123234 0.55788
0.0123234 0.55788
0.0123234 0.55788
0.0123234 0.553413
0.0123234 0.553413
0.0123234 0.553413
0.0123234 0.553413
0.0123234 0.553413
0.0123234 0.553413
0.0123234 0.553413
0.0123234 0.553413
0.0123234 0.553413
0.0123234 0.553413
0.0123234 0.553413
0.0123234 0.553413
0.0123234 0.553413
0.0123234 0.553413
0.0123234 0.553413
0.0123234 0.553413
0.0123234 0.553413
0.0123234 0.553413
0.0123234 0.553413
0.0123234 0.553413
0.0123234 0.553413
0.0123234 0.553413
0.0123234 0.553413
0.0123234 0.553413
0.0123234 0.553413
0.0123234 0.553413
0.0123234 0.553413
0.0123234 0.553413
0.0123234 0.553413
0.0123234 0.553413
0.0123234 0.553413
0.0123234 0.553017
0.0123234 0.553017
0.0123234 0.553017
0.0123234 0.553017
0.0123234 0.553017
0.0123234 0.553017
0.0123234 0.553017
0.0123234 0.553017
0.0098749 0.553017
0.0098749 0.553017
0.0098749 0.553017
0.0098749 0.553017
0.0098749 0.553017
0.0098749 0.553017
0.0098749 0.553017
0.0098749 0.553017
0.0098749 0.553017
0.0098749 0.553017
0.0098749 0.553017
0.0098749 0.553017
0.0098749 0.553017
0.0098749 0.553017
0.0098749 0.553017
0.0098749 0.553017
0.00843692 0.553017
