0.0922472 0.573201
0.0259583 0.573201
0.0259583 0.573201
0.0259583 0.573201
0.0259583 0.573201
0.0259583 0.573201
0.0259583 0.573201
0.0259583 0.573201
0.0259583 0.573201
0.002591 0.573201
0.002591 0.573201
0.002591 0.573201
0.002591 0.573201
0.002591 0.573201
0.002591 0.573201
0.002591 0.573201
0.002591 0.573201
0.002591 0.573201
0.002591 0.573201
0.002591 0.569438
0.002591 0.569438
0.002591 0.569438
0.002591 0.569438
0.002591 0.550617
0.002591 0.550617
0.002591 0.541177
0.002591 0.541177
0.002591 0.541177
0.002591 0.541177
0.002591 0.541177
0.002591 0.541177
0.002591 0.541177
0.002591 0.541177
0.002591 0.541177
0.002591 0.541177
0.002591 0.541177
0.002591 0.541177
0.002591 0.541177
0.002591 0.541177
0.002591 0.541177
0.002591 0.541177
0.002591 0.541177
0.002591 0.541177
0.002591 0.541177
0.002591 0.541177
0.002591 0.541177
0.002591 0.541177
0.002591 0.541177
0.002591 0.541177
0.002591 0.541177
0.002591 0.541177
0.002591 0.541177
0.002591 0.541177
0.000696946 0.541177
0.000696946 0.541177
0.000696946 0.541177
0.000696946 0.541177
0.000696946 0.541177
0.000696946 0.541177
0.000696946 0.541177
0.000696946 0.541177
0.000696946 0.541177
0.000696946 0.541177
0.000696946 0.541177
0.000696946 0.541177
0.000696946 0.541177
0.000696946 0.541177
0.000696946 0.541177
0.000696946 0.541177
0.000696946 0.541177
0.000696946 0.541177
0.000696946 0.541177
0.000696946 0.541177
0.000696946 0.541177
0.000696946 0.541177
0.000696946 0.541177
0.000696946 0.535309
0.000696946 0.535309
0.000696946 0.535309
0.000696946 0.535309
0.000696946 0.535309
0.000696946 0.516294
0.000696946 0.516294
0.000696946 0.516294
0.000696946 0.516294
0.000696946 0.516294
0.000696946 0.516294
0.000696946 0.516294
0.000696946 0.516294
0.000696946 0.516294
0.000696946 0.516294
0.000696946 0.516294
0.000696946 0.516294
0.000696946 0.516294
0.000696946 0.516294
0.000696946 0.516294
0.000696946 0.516294
0.000696946 0.516294
0.000696946 0.516294
0.000696946 0.516294
0.000696946 0.516294
0.000696946 0.516294
0.000696946 0.516294
0.000696946 0.516294
0.000696946 0.516294
0.00055353 0.516294
0.00055353 0.516294
0.00055353 0.516294
0.00055353 0.516294
0.00055353 0.516294
0.00055353 0.516294
0.00055353 0.516294
0.00055353 0.516294
0.00055353 0.516294
0.00055353 0.516294
0.00055353 0.516294
0.00055353 0.516294
0.00055353 0.516294
0.00055353 0.516294
0.00055353 0.516294
0.00055353 0.516294
0.00055353 0.516294
0.00055353 0.516294
0.00055353 0.516294
0.00055353 0.516294
0.00055353 0.516294
0.00055353 0.516294
0.00055353 0.516294
0.00055353 0.516294
0.00055353 0.516294
0.00055353 0.516294
0.00055353 0.516294
0.00055353 0.516294
0.00055353 0.516294
0.00055353 0.516294
0.00055353 0.516294
0.00055353 0.516294
0.00055353 0.516294
0.00055353 0.516294
0.00055353 0.516294
0.00055353 0.516294
0.00055353 0.516294
0.00055353 0.516294
0.00055353 0.516294
0.00055353 0.516294
0.00055353 0.516294
0.00055353 0.516294
0.00055353 0.516294
0.00055353 0.516294
0.00055353 0.516294
0.00055353 0.516294
0.00055353 0.516294
0.00055353 0.516294
0.00055353 0.516294
0.00055353 0.516294
0.00055353 0.516294
0.00055353 0.516294
0.00055353 0.516294
0.00055353 0.516294
0.00055353 0.516294
0.00055353 0.516294
0.00055353 0.516294
0.00055353 0.516294
0.00055353 0.516294
0.00055353 0.516294
0.00055353 0.516294
0.00055353 0.516294
0.00055353 0.516294
0.00055353 0.516294
0.00055353 0.516294
0.00055353 0.516294
0.00055353 0.516294
0.00055353 0.516294
0.00055353 0.516294
0.00055353 0.516294
0.00055353 0.516294
0.00055353 0.516294
0.00055353 0.516294
0.00055353 0.516294
0.00055353 0.516294
0.00055353 0.516294
0.00055353 0.516294
0.00055353 0.516294
0.00055353 0.516294
0.00055353 0.516294
0.00055353 0.516294
0.00055353 0.516294
0.00055353 0.516294
0.00055353 0.516294
0.00055353 0.516294
0.00055353 0.516294
0.00055353 0.516294
0.00055353 0.516294
0.00055353 0.516294
0.00055353 0.516294
0.00055353 0.516294
0.00055353 0.516294
0.00055353 0.516294
0.00055353 0.516294
0.00055353 0.516294
0.00055353 0.516294
0.00055353 0.516294
0.00055353 0.516294
0.00055353 0.516294
0.00055353 0.516294
0.00055353 0.516294
0.00055353 0.516294
0.00055353 0.516294
0.00055353 0.516294
0.000332359 0.516294
0.000332359 0.516294
0.000332359 0.516294
0.000332359 0.516294
0.000332359 0.516294
0.000332359 0.516294
0.000332359 0.516294
0.000332359 0.516294
0.000332359 0.516294
0.000332359 0.516294
0.000332359 0.516294
0.000332359 0.516294
0.000332359 0.516294
0.000332359 0.516294
0.000332359 0.516294
0.000332359 0.516294
0.000332359 0.516294
0.000332359 0.516294
0.000332359 0.516294
0.000332359 0.516294
0.000332359 0.516294
0.000332359 0.516294
0.000332359 0.516294
0.000332359 0.516294
0.000332359 0.516294
0.000332359 0.516294
0.000332359 0.516294
0.000332359 0.516294
0.000332359 0.516294
0.000332359 0.516294
0.000332359 0.516294
0.000332359 0.516294
0.000332359 0.516294
0.000332359 0.516294
0.000332359 0.516294
0.000332359 0.516294
0.000332359 0.516294
0.000332359 0.516294
0.000332359 0.516294
0.000332359 0.516294
0.000332359 0.516294
0.000332359 0.516294
0.000332359 0.516294
0.000332359 0.516294
0.000332359 0.516294
0.000332359 0.516294
0.000332359 0.516294
0.000332359 0.516294
0.000332359 0.516294
0.000332359 0.516294
0.000332359 0.516294
0.000332359 0.516294
0.000332359 0.516294
0.000332359 0.516294
0.000332359 0.516294
0.000332359 0.516294
0.000332359 0.516294
0.000332359 0.516294
0.000332359 0.516294
0.000332359 0.516294
0.000332359 0.516294
0.000332359 0.516294
0.000332359 0.516294
0.000332359 0.516294
0.000332359 0.516294
0.000332359 0.516294
0.000332359 0.516294
0.000332359 0.516294
0.000332359 0.516294
0.000332359 0.516294
0.000332359 0.516294
0.000332359 0.516294
0.000332359 0.516294
0.000332359 0.516294
0.000332359 0.516294
0.000332359 0.516294
0.000332359 0.516294
0.000332359 0.516294
0.000332359 0.516294
0.000332359 0.516294
0.000332359 0.516294
0.000332359 0.516294
0.000332359 0.516294
0.000332359 0.516294
0.000332359 0.516294
0.000332359 0.516294
0.000332359 0.516294
0.000332359 0.516294
0.000332359 0.516294
0.000332359 0.516294
0.000332359 0.516294
0.000332359 0.516294
0.000332359 0.516294
0.000332359 0.516294
0.000332359 0.516294
0.000332359 0.516294
0.000332359 0.516294
0.000332359 0.516294
0.000332359 0.516294
0.000332359 0.516294
0.000332359 0.516294
0.000332359 0.516294
0.000332359 0.516294
0.000332359 0.516294
0.000332359 0.516294
0.000332359 0.516294
0.000332359 0.516294
0.000332359 0.516294
0.000332359 0.516294
0.000332359 0.516294
0.000332359 0.516294
0.000271254 0.516294
0.000271254 0.516294
0.000271254 0.516294
0.000271254 0.516294
0.000271254 0.516294
0.000271254 0.516294
0.000271254 0.516294
0.000271254 0.516294
0.000271254 0.516294
0.000271254 0.516294
0.000271254 0.516294
0.000271254 0.516294
0.000271254 0.516294
0.000271254 0.516294
0.000271254 0.516294
0.000271254 0.516294
0.000271254 0.516294
0.000271254 0.516294
0.000271254 0.516294
0.000271254 0.516294
0.000271254 0.516294
0.000271254 0.516294
0.000271254 0.516294
0.000271254 0.516294
0.000271254 0.516294
0.000271254 0.516294
0.000271254 0.516294
0.000271254 0.516294
0.000271254 0.516294
0.000271254 0.516294
0.000271254 0.516294
0.000271254 0.516294
0.000271254 0.516294
0.000271254 0.516294
0.000271254 0.516294
0.000271254 0.516294
0.000271254 0.516294
0.000271254 0.516294
0.000271254 0.516294
0.000271254 0.516294
0.000271254 0.516294
0.000271254 0.516294
0.000271254 0.516294
0.000271254 0.516294
0.000271254 0.516294
0.000271254 0.516294
0.000271254 0.516294
0.000271254 0.516294
0.000271254 0.516294
0.000271254 0.516294
0.000271254 0.516294
0.000271254 0.516294
0.000271254 0.516294
0.000271254 0.516294
0.000271254 0.516294
0.000271254 0.516294
0.000271254 0.516294
0.000271254 0.516294
0.000271254 0.516294
0.000271254 0.516294
0.000157083 0.516294
0.000157083 0.516294
0.000157083 0.516294
0.000157083 0.516294
0.000157083 0.516294
0.000157083 0.516294
0.000157083 0.516294
0.000157083 0.516294
0.000157083 0.516294
0.000157083 0.516294
0.000157083 0.516294
0.000157083 0.516294
0.000157083 0.516294
0.000157083 0.516294
0.000157083 0.516294
0.000157083 0.516294
0.000157083 0.516294
0.000157083 0.516294
0.000157083 0.516294
0.000157083 0.516294
0.000157083 0.516294
0.000157083 0.516294
0.000157083 0.516294
0.000157083 0.516294
0.000157083 0.516294
0.000157083 0.516294
0.000157083 0.516294
0.000157083 0.516294
0.000157083 0.516294
0.000157083 0.516294
0.000157083 0.516294
0.000157083 0.516294
0.000157083 0.516294
0.000157083 0.516294
0.000157083 0.516294
0.000157083 0.516294
0.000157083 0.516294
0.000157083 0.516294
0.000157083 0.516294
0.000157083 0.516294
0.000157083 0.516294
0.000157083 0.516294
0.000157083 0.516294
0.000157083 0.516294
0.000157083 0.516294
0.000157083 0.516294
0.000157083 0.516294
0.000157083 0.516294
0.000157083 0.516294
0.000157083 0.516294
0.000157083 0.516294
0.000157083 0.516294
0.000157083 0.516294
0.000157083 0.516294
0.000157083 0.516294
0.000157083 0.516294
0.000157083 0.516294
0.000157083 0.516294
0.000157083 0.516294
0.000157083 0.516294
0.000157083 0.516294
0.000157083 0.516294
0.000157083 0.516294
0.000157083 0.516294
0.000157083 0.516294
0.000157083 0.516294
0.000157083 0.516294
0.000157083 0.516294
0.000157083 0.516294
0.000157083 0.516294
0.000157083 0.516294
0.000157083 0.516294
0.000157083 0.516294
0.000157083 0.516294
0.000157083 0.516294
0.000157083 0.516294
0.000157083 0.516294
0.000157083 0.516294
0.000157083 0.516294
0.000157083 0.516294
0.000157083 0.516294
0.000157083 0.516294
0.000157083 0.516294
0.000157083 0.516294
0.000157083 0.516294
0.000157083 0.516294
0.000157083 0.516294
0.000157083 0.516294
0.000157083 0.516294
0.000157083 0.516294
0.000157083 0.516294
5.88846e-05 0.516294
5.88846e-05 0.516294
5.88846e-05 0.516294
5.88846e-05 0.516294
5.88846e-05 0.516294
5.88846e-05 0.516294
5.88846e-05 0.516294
5.88846e-05 0.516294
5.88846e-05 0.516294
5.88846e-05 0.516294
5.88846e-05 0.516294
5.88846e-05 0.516294
5.88846e-05 0.516294
5.88846e-05 0.516294
5.88846e-05 0.516294
5.88846e-05 0.516294
5.88846e-05 0.516294
5.88846e-05 0.516294
5.88846e-05 0.516294
5.88846e-05 0.516294
5.88846e-05 0.516294
5.88846e-05 0.516294
5.88846e-05 0.516294
5.88846e-05 0.516294
5.88846e-05 0.516294
5.88846e-05 0.516294
5.88846e-05 0.516294
5.88846e-05 0.516294
5.88846e-05 0.516294
5.88846e-05 0.516294
