0.00217974 0.557561
0.00217974 0.557561
0.00217974 0.557561
0.00217974 0.557561
0.00217974 0.557561
0.00217974 0.557561
0.00217974 0.542865
0.00217974 0.542865
0.00217974 0.542865
0.00217974 0.542865
0.00217974 0.542865
0.00217974 0.542865
0.00217974 0.542865
0.00217974 0.542865
0.00217974 0.542865
0.00217974 0.542865
0.00217974 0.542865
0.00217974 0.542865
0.00217974 0.542865
0.00217974 0.542865
0.000963276 0.542865
0.000963276 0.542865
0.000963276 0.542865
0.000963276 0.542865
0.000963276 0.536812
0.000963276 0.536812
0.000963276 0.536812
0.000963276 0.536812
0.000963276 0.536812
0.000963276 0.536812
0.000963276 0.536812
0.000963276 0.536812
0.000963276 0.536812
0.000963276 0.536812
0.000963276 0.536812
0.000963276 0.536812
0.000963276 0.536812
0.000963276 0.536812
0.000963276 0.536812
0.000963276 0.536812
0.000963276 0.536812
0.000963276 0.536812
0.000963276 0.536812
0.000963276 0.536812
0.000963276 0.536812
0.000963276 0.536812
0.000963276 0.536812
0.000963276 0.536812
0.000963276 0.536812
0.000963276 0.536812
0.000963276 0.536812
0.000963276 0.536812
0.000963276 0.536812
0.000963276 0.536812
0.000963276 0.536812
0.000963276 0.536812
0.000963276 0.536812
0.000963276 0.536812
0.000963276 0.536812
0.000963276 0.536812
0.000963276 0.536812
0.000963276 0.536812
0.000963276 0.536812
0.000963276 0.536812
0.000963276 0.536812
0.000963276 0.536812
0.000963276 0.536812
0.000963276 0.536812
0.000963276 0.536812
0.000963276 0.536812
0.000963276 0.536812
0.000963276 0.536812
0.000963276 0.536812
0.000963276 0.536812
0.000963276 0.536812
0.000963276 0.536812
0.000963276 0.536812
0.000963276 0.536812
0.000963276 0.536812
0.000963276 0.536812
0.000963276 0.536812
0.000963276 0.535703
0.000963276 0.535703
0.000963276 0.535703
0.000963276 0.535703
0.000963276 0.535703
0.000963276 0.535703
0.000963276 0.535703
0.000963276 0.535703
0.000963276 0.535703
0.000963276 0.535703
0.000963276 0.535703
0.000963276 0.535703
0.000963276 0.535703
0.000963276 0.535703
0.000963276 0.535703
0.000963276 0.535703
0.000963276 0.535703
0.000963276 0.535703
0.000963276 0.535703
0.000963276 0.535703
0.000963276 0.535703
0.000963276 0.535703
0.000963276 0.535703
0.000963276 0.535703
0.000963276 0.535703
0.000963276 0.535703
0.000963276 0.535703
0.000963276 0.535703
0.000963276 0.535703
0.000963276 0.535703
0.000963276 0.527731
0.000963276 0.527731
0.000963276 0.527731
0.000963276 0.527731
0.000963276 0.527731
0.000963276 0.527731
0.000963276 0.527731
0.000963276 0.527731
0.000963276 0.527731
0.000963276 0.527731
0.000963276 0.527731
0.000963276 0.527731
0.000963276 0.527731
0.000963276 0.527731
0.000963276 0.527731
0.000963276 0.527731
0.000963276 0.527731
0.000963276 0.527731
0.000963276 0.527731
0.000963276 0.527731
0.000963276 0.527731
0.000963276 0.527731
0.000963276 0.527731
0.000963276 0.527731
0.000963276 0.527731
0.000963276 0.527731
0.000963276 0.527731
0.000963276 0.527731
0.000963276 0.527731
0.000963276 0.527731
0.000963276 0.527731
0.000963276 0.527731
0.000963276 0.527731
0.000963276 0.527731
0.000963276 0.527731
0.000963276 0.527731
0.000963276 0.527731
0.000963276 0.527731
0.000963276 0.527731
0.000963276 0.527731
0.000963276 0.527731
0.000963276 0.527731
0.000963276 0.527731
0.000963276 0.527731
0.000963276 0.527731
0.000963276 0.527731
0.000963276 0.527731
0.000963276 0.527731
0.000963276 0.527731
0.000963276 0.527731
0.000963276 0.527731
0.000963276 0.527731
0.000963276 0.527731
0.000963276 0.523061
0.000963276 0.523061
0.000963276 0.523061
0.000963276 0.523061
0.000963276 0.5205
0.000963276 0.512973
0.000963276 0.512973
0.000963276 0.512973
0.000963276 0.512973
0.000963276 0.512973
0.000963276 0.512973
0.000963276 0.512973
0.000963276 0.512973
0.000963276 0.512973
0.000963276 0.511336
0.000963276 0.511336
0.000963276 0.503953
0.000963276 0.503953
0.000963276 0.503953
0.000963276 0.503953
0.000963276 0.503953
0.000963276 0.503953
0.000963276 0.503953
0.000963276 0.503953
0.000963276 0.503953
0.000963276 0.503953
0.000963276 0.503096
0.000963276 0.501017
0.000963276 0.50012
0.000963276 0.50012
0.000963276 0.50012
0.000909343 0.4945
0.000909343 0.493553
0.000909343 0.493553
0.000909343 0.493553
0.000909343 0.493553
0.000909343 0.493553
0.000909343 0.493553
0.000909343 0.493281
0.000909343 0.493281
0.000909343 0.493281
0.000909343 0.4929
0.000909343 0.4929
0.000909343 0.4929
0.000909343 0.4929
0.000909343 0.479226
0.000909343 0.479226
0.000909343 0.477483
0.000909343 0.477483
0.000909343 0.477483
0.000909343 0.477483
0.000909343 0.46033
0.000909343 0.46033
0.000909343 0.46033
0.000909343 0.46033
0.000909343 0.46033
0.000909343 0.46033
0.000909343 0.46033
0.000909343 0.46033
0.000909343 0.460326
0.000909343 0.460326
0.000909343 0.446917
0.000909343 0.446917
0.000909343 0.446917
0.000909343 0.446917
0.000909343 0.446917
0.000909343 0.446917
0.000909343 0.446917
0.000909343 0.446917
0.000909343 0.446917
0.000909343 0.446027
0.000909343 0.446027
0.000909343 0.446027
0.000909343 0.446027
0.000909343 0.446027
0.000909343 0.445904
0.000256868 0.444276
0.000256868 0.444276
0.000256868 0.444276
0.000256868 0.444276
0.000256868 0.430768
0.000256868 0.430768
0.000256868 0.430768
0.000256868 0.430768
0.000256868 0.430591
0.000256868 0.430591
0.000256868 0.424583
0.000256868 0.424583
0.000256868 0.424583
0.000256868 0.424583
0.000256868 0.424583
0.000256868 0.424583
0.000256868 0.422868
0.000256868 0.422868
0.000256868 0.422868
0.000256868 0.422868
0.000256868 0.422868
0.000256868 0.422303
0.000256868 0.422303
0.000256868 0.422303
0.000256868 0.422303
0.000256868 0.420439
0.000256868 0.420439
0.000256868 0.420439
0.000256868 0.41453
0.000256868 0.41453
0.000256868 0.41453
0.000256868 0.41453
0.000256868 0.365522
0.000256868 0.365522
0.000256868 0.365522
0.000256868 0.365522
0.000256868 0.365522
0.000256868 0.365522
0.000256868 0.365522
0.000256868 0.365522
0.000256868 0.365522
0.000256868 0.365522
0.000256868 0.365522
0.000256868 0.365522
0.000256868 0.365522
0.000256868 0.365522
0.000256868 0.365522
0.000256868 0.365522
0.000256868 0.365522
0.000256868 0.365522
0.000256868 0.365522
0.000256868 0.365522
0.000256868 0.365522
0.000256868 0.365522
0.000256868 0.365522
0.000256868 0.365522
0.000256868 0.365522
0.000256868 0.365522
0.000256868 0.365522
0.000256868 0.365522
0.000256868 0.365522
0.000256868 0.365522
0.000256868 0.365522
0.000256868 0.365522
0.000256868 0.365522
0.000256868 0.365522
0.000256868 0.365522
0.000256868 0.365522
0.000256868 0.365522
0.000256868 0.365522
0.000256868 0.365522
0.000256868 0.365522
0.000256868 0.365522
0.000256868 0.365522
0.000256868 0.365522
0.000256868 0.365522
0.000256868 0.365522
0.000256868 0.365522
0.000256868 0.365522
0.000256868 0.365522
0.000256868 0.365522
0.000256868 0.365522
0.000256868 0.365522
0.000256868 0.365522
0.000256868 0.365522
0.000256868 0.365522
0.000256868 0.362899
0.000256868 0.362899
0.000256868 0.362899
0.000256868 0.362899
0.000256868 0.349682
0.000256868 0.349682
0.000256868 0.349682
0.000256868 0.349682
0.000256868 0.349682
0.000256868 0.349682
0.000256868 0.349682
0.000256868 0.349682
0.000256868 0.349682
0.000256868 0.349682
0.000256868 0.349682
0.000256868 0.349433
0.000256868 0.349433
0.000256868 0.349433
0.000256868 0.338734
0.000256868 0.338734
0.000256868 0.336284
0.000256868 0.331424
0.000256868 0.331424
0.000256868 0.331424
0.000256868 0.331424
0.000256868 0.331424
0.000256868 0.331424
0.000256868 0.331424
0.000256868 0.331424
0.000256868 0.331424
0.000191178 0.331424
0.000191178 0.331154
0.000191178 0.331154
0.000191178 0.331154
0.000191178 0.331154
0.000191178 0.331154
0.000191178 0.314586
0.000191178 0.314586
0.000191178 0.314586
0.000191178 0.314586
0.000191178 0.305373
0.000191178 0.305373
0.000191178 0.305373
0.000191178 0.305373
0.000191178 0.305373
0.000191178 0.305373
0.000191178 0.305373
0.000191178 0.305373
0.000191178 0.305373
0.000191178 0.305373
0.000191178 0.305373
0.000191178 0.305373
0.000191178 0.305373
0.000191178 0.305373
0.000191178 0.305373
0.000191178 0.300961
0.000191178 0.300961
0.000191178 0.300961
0.000191178 0.297013
0.000191178 0.294396
0.000191178 0.292456
0.000191178 0.292456
0.000191178 0.292456
0.000191178 0.292456
0.000191178 0.292456
0.000191178 0.292456
0.000191178 0.292456
0.000191178 0.292456
0.000191178 0.292456
0.000191178 0.292456
0.000191178 0.292456
0.000191178 0.292456
0.000191178 0.288409
0.000191178 0.288409
0.000191178 0.288409
0.000191178 0.282022
0.000191178 0.282022
0.000191178 0.282022
0.000191178 0.282022
0.000191178 0.282022
0.000191178 0.282022
0.000191178 0.282022
0.000191178 0.282022
0.000191178 0.282022
0.000191178 0.282022
0.000191178 0.282022
0.000191178 0.282022
0.000191178 0.282022
0.000191178 0.282022
0.000191178 0.282022
0.000191178 0.282022
0.000191178 0.282022
0.000191178 0.282022
0.000191178 0.282022
0.000191178 0.282022
0.000191178 0.282022
0.000191178 0.282022
0.000191178 0.282022
0.000191178 0.282022
0.000191178 0.272518
0.000191178 0.272518
0.000191178 0.272518
0.000191178 0.272518
0.000191178 0.272518
0.000191178 0.271461
0.000191178 0.271461
0.000191178 0.271461
0.000191178 0.271461
0.000191178 0.271461
0.000191178 0.271461
0.000191178 0.26931
0.000191178 0.26931
0.000191178 0.26931
0.000191178 0.26931
0.000191178 0.26931
0.000191178 0.26931
0.000191178 0.26931
0.000191178 0.26931
0.000191178 0.26931
0.000191178 0.267607
0.000191178 0.267607
0.000191178 0.267607
0.000191178 0.267607
0.000191178 0.267607
0.000191178 0.267607
0.000191178 0.267607
0.000191178 0.267607
0.000191178 0.267607
0.000191178 0.267607
0.000191178 0.267607
0.000191178 0.267607
0.000191178 0.267607
0.000191178 0.267607
0.000191178 0.267607
0.000191178 0.267607
0.000191178 0.267607
0.000191178 0.267607
0.000191178 0.267607
0.000191178 0.267607
0.000191178 0.267004
0.000191178 0.262055
0.000191178 0.262055
0.000191178 0.262055
0.000191178 0.262055
0.000191178 0.262055
0.000191178 0.262055
0.000191178 0.262055
0.000191178 0.262055
0.000191178 0.262055
0.000191178 0.262055
0.000191178 0.262055
0.000191178 0.262055
0.000191178 0.262055
0.000191178 0.262055
0.000191178 0.262055
0.000191178 0.262055
0.000191178 0.262055
0.000191178 0.262055
0.000191178 0.262055
0.000191178 0.262055
0.000191178 0.262055
0.000191178 0.262055
0.000191178 0.262055
0.000191178 0.262055
0.000191178 0.262055
0.000191178 0.262055
0.000191178 0.262055
0.000191178 0.262055
0.000191178 0.262055
0.000191178 0.262055
0.000191178 0.262055
0.000191178 0.262055
0.000191178 0.243507
0.000191178 0.243507
