0.0204116 0.572174
0.0204116 0.572174
0.0204116 0.572174
0.0204116 0.572174
0.0204116 0.572174
0.0204116 0.572174
0.0204116 0.572174
0.0204116 0.572174
0.00860837 0.572174
0.00860837 0.572174
0.00860837 0.572174
0.00860837 0.572174
0.00860837 0.572174
0.00860837 0.572174
0.00860837 0.572174
0.00860837 0.572174
0.00860837 0.572174
0.00860837 0.572174
0.00860837 0.551502
0.00860837 0.551502
0.00860837 0.551502
0.00860837 0.551502
0.00860837 0.551502
0.00860837 0.551502
0.00860837 0.551502
0.00860837 0.551502
0.00860837 0.551502
0.00860837 0.551502
0.00860837 0.551502
0.00860837 0.551502
0.00860837 0.551502
0.00860837 0.551502
0.00860837 0.551502
0.00860837 0.551502
0.00860837 0.551502
0.00860837 0.551502
0.00860837 0.551502
0.00860837 0.551502
0.00860837 0.551502
0.00860837 0.551502
0.00860837 0.551502
0.00860837 0.551502
0.00860837 0.551502
0.00860837 0.551502
0.00860837 0.551502
0.00860837 0.551502
0.00860837 0.551502
0.00860837 0.550196
0.00860837 0.550196
0.00860837 0.550196
0.00860837 0.550196
0.00860837 0.550196
0.00860837 0.550196
0.00860837 0.550196
0.00860837 0.550196
0.00860837 0.550196
0.00860837 0.550196
0.00860837 0.550196
0.00860837 0.550196
0.00860837 0.550196
0.00860837 0.550196
0.00860837 0.550196
0.00860837 0.550196
0.00860837 0.550196
0.00860837 0.550196
0.00860837 0.550196
0.00860837 0.550196
0.00860837 0.550196
0.00860837 0.550196
0.00860837 0.550196
0.00860837 0.550196
0.00564726 0.550196
0.00564726 0.550196
0.00564726 0.550196
0.00328352 0.550196
0.00277725 0.550196
0.00277725 0.550196
0.00277725 0.550196
0.00277725 0.550196
0.00277725 0.550196
0.00277725 0.550196
0.00277725 0.550196
0.00277725 0.550196
0.00277725 0.550196
0.00277725 0.550196
0.00277725 0.550196
0.00277725 0.550196
0.00277725 0.550196
0.00277725 0.550196
0.00277725 0.550196
0.00277725 0.550196
0.00277725 0.550196
0.00277725 0.550196
0.00277725 0.550196
0.00277725 0.550196
0.00277725 0.550196
0.00277725 0.550196
0.00277725 0.550196
0.00277725 0.550196
0.00277725 0.550196
0.00277725 0.550196
0.00277725 0.550196
0.00277725 0.550196
0.00277725 0.550196
0.00277725 0.550196
0.00277725 0.550196
0.00277725 0.550196
0.00277725 0.550196
0.00277725 0.550196
0.00277725 0.550196
0.00277725 0.539991
0.00277725 0.539991
0.00277725 0.539991
0.00277725 0.539991
0.00277725 0.539991
0.00277725 0.539991
0.00277725 0.539991
0.00277725 0.539991
0.00277725 0.539991
0.00277725 0.539991
0.00277725 0.539991
0.00277725 0.539991
0.00277725 0.539991
0.00277725 0.539991
0.00277725 0.539991
0.00277725 0.539991
0.00277725 0.539991
0.00277725 0.539991
0.00277725 0.539991
0.00277725 0.539991
0.00277725 0.539991
0.00277725 0.539991
0.00277725 0.539991
0.00277725 0.539991
0.00277725 0.539991
0.00277725 0.539991
0.00277725 0.539991
0.00277725 0.539991
0.00277725 0.539991
0.00277725 0.539991
0.00277725 0.539991
0.00277725 0.539991
0.00277725 0.539991
0.00277725 0.539991
0.00277725 0.539991
0.00277725 0.539991
0.00277725 0.539991
0.00277725 0.539991
0.00277725 0.539991
0.00277725 0.539991
0.00277725 0.539991
0.00277725 0.539991
0.00277725 0.533124
0.00277725 0.533124
0.00277725 0.533124
0.00277725 0.533124
0.00277725 0.533124
0.00277725 0.533124
0.00277725 0.533124
0.00277725 0.533124
0.00277725 0.533124
0.00277725 0.533124
0.00277725 0.533124
0.00277725 0.533124
0.00277725 0.533124
0.00277725 0.533124
0.00277725 0.533124
0.00277725 0.533124
0.00277725 0.531733
0.00277725 0.531733
0.00277725 0.531733
0.00277725 0.531733
0.00277725 0.531733
0.00277725 0.531733
0.00277725 0.531733
0.00277725 0.52815
0.00277725 0.52815
0.00216178 0.52815
0.00216178 0.52815
0.00216178 0.52815
0.00216178 0.52815
0.00216178 0.52815
0.00216178 0.52815
0.00216178 0.52815
0.00216178 0.52815
0.00216178 0.52815
0.00216178 0.52815
0.00216178 0.520751
0.00216178 0.517509
0.00216178 0.517509
0.00216178 0.517509
0.00216178 0.517509
0.00216178 0.517509
0.00216178 0.517509
0.00216178 0.517509
0.00216178 0.517509
0.00216178 0.517509
0.00216178 0.517509
0.00216178 0.517509
0.00216178 0.517509
0.00216178 0.517509
0.00216178 0.517509
0.00216178 0.517509
0.00216178 0.517509
0.00216178 0.517509
0.00216178 0.517509
0.00216178 0.517509
0.00216178 0.517509
0.00216178 0.517509
0.00216178 0.517509
0.00216178 0.517509
0.00216178 0.517509
0.00216178 0.517509
0.00216178 0.517509
0.00216178 0.517509
0.00216178 0.517509
0.00216178 0.517509
0.00216178 0.517509
0.00216178 0.517509
0.00216178 0.517509
0.00216178 0.517509
0.00216178 0.517509
0.00216178 0.517509
0.00216178 0.517509
0.00216178 0.517509
0.00216178 0.517509
0.00216178 0.517509
0.00216178 0.517509
0.00216178 0.517509
0.00216178 0.517509
0.00216178 0.517509
0.00216178 0.517509
0.00216178 0.517509
0.00216178 0.517509
0.00216178 0.517509
0.00216178 0.517509
0.00216178 0.517509
0.00216178 0.517509
0.00216178 0.517509
0.00216178 0.517509
0.00216178 0.517509
0.00216178 0.517509
0.00216178 0.517509
0.00216178 0.517509
0.00216178 0.517509
0.00216178 0.517509
0.00216178 0.517509
0.00216178 0.517509
0.00216178 0.517509
0.00216178 0.517509
0.00216178 0.517509
0.00216178 0.517509
0.00216178 0.517509
0.00216178 0.517509
0.00216178 0.517509
0.00216178 0.517509
0.00216178 0.517509
0.00216178 0.517509
0.00216178 0.517509
0.00216178 0.517509
0.00216178 0.517509
0.00216178 0.517509
0.00203609 0.517509
0.00203609 0.517509
0.00203609 0.517509
0.00203609 0.517509
0.00203609 0.517509
0.000974847 0.517509
0.000974847 0.517509
0.000974847 0.517509
0.000974847 0.517509
0.000974847 0.517509
0.000974847 0.517509
0.000974847 0.517509
0.000329718 0.517509
0.000329718 0.517509
0.000329718 0.517509
0.000329718 0.517509
0.000329718 0.517509
0.000329718 0.517509
0.000329718 0.517509
0.000329718 0.517509
0.000329718 0.517509
0.000329718 0.517509
0.000329718 0.517509
0.000329718 0.517509
0.000329718 0.517509
0.000329718 0.517509
0.000329718 0.517509
0.000329718 0.517509
0.000329718 0.517509
0.000329718 0.517509
0.000329718 0.517509
0.000329718 0.517509
0.000329718 0.517509
0.000329718 0.517509
0.000329718 0.517509
0.000329718 0.517509
0.000329718 0.517509
0.000329718 0.517509
