0.137324 0.605241
0.137324 0.576775
0.0704589 0.576775
0.010472 0.574798
0.0101611 0.574798
0.0101611 0.574798
0.0101611 0.574798
0.0101611 0.574798
0.0101611 0.574798
0.0101611 0.574798
0.0101611 0.574798
0.0101611 0.574798
0.0101611 0.571066
0.0101611 0.571066
0.0101611 0.571066
0.00676224 0.571066
0.00531596 0.571066
0.00531596 0.571066
0.00531596 0.568583
0.00531596 0.568583
0.00531596 0.568583
0.00531596 0.568583
0.00531596 0.568583
0.00531596 0.568583
0.00531596 0.566609
0.00531596 0.566609
0.00531596 0.563609
0.00531596 0.563609
0.00531596 0.563609
0.00531596 0.562233
0.00531596 0.562233
0.00531596 0.562233
0.00531596 0.560892
0.00531596 0.560892
0.00531596 0.557326
0.00531596 0.556408
0.00531596 0.556408
0.00531596 0.556408
0.00531596 0.556408
0.00531596 0.552932
0.00531596 0.552932
0.00531596 0.552932
0.00531596 0.552932
0.00531596 0.552932
0.00531596 0.552932
0.00531596 0.552932
0.00531596 0.552932
0.00531596 0.552932
0.00531596 0.552932
0.00531596 0.552245
0.00531596 0.552245
0.00531596 0.551519
0.00531596 0.551519
0.00531596 0.551519
0.00531596 0.55082
0.00531596 0.55082
0.00531596 0.55082
0.00531596 0.55082
0.00531596 0.55082
0.00531596 0.549361
0.00531596 0.549361
0.00531596 0.549361
0.00531596 0.549361
0.00531596 0.549361
0.00531596 0.549361
0.00531596 0.549361
0.00531596 0.542064
0.00531596 0.542064
0.00531596 0.542064
0.00531596 0.542064
0.00531596 0.542064
0.00531596 0.542064
0.00531596 0.542064
0.00531596 0.542064
0.00531596 0.542064
0.00531596 0.542064
0.00531596 0.54129
0.00531596 0.54129
0.00531596 0.540222
0.00531596 0.540222
0.00531596 0.540222
0.00531596 0.540222
0.00531596 0.540222
0.00531596 0.540222
0.00331278 0.533491
0.00331278 0.533025
0.00331278 0.533025
0.00331278 0.533025
0.00331278 0.533025
0.00331278 0.533025
0.00331278 0.523643
0.00331278 0.523643
0.00331278 0.523643
0.00331278 0.523643
0.00331278 0.523643
0.00331278 0.523643
0.00331278 0.523643
0.00331278 0.523643
0.00331278 0.523643
0.00331278 0.523643
