0.0229956 0.569271
0.0229956 0.569271
0.0229956 0.569271
0.0229956 0.569271
0.0229956 0.569271
0.0229956 0.569271
0.0229956 0.569271
0.0229956 0.569271
0.0229956 0.569271
0.0229956 0.547214
0.0229956 0.547214
0.0229956 0.547214
0.0229956 0.547214
0.0229956 0.547214
0.0229956 0.547214
0.0226958 0.547214
0.0226958 0.547214
0.0226958 0.547214
0.0075687 0.547214
0.0075687 0.547214
0.0075687 0.547214
0.0075687 0.547214
0.0075687 0.547214
0.0075687 0.547214
0.0075687 0.547214
0.0075687 0.547214
0.0075687 0.547214
0.0075687 0.547214
0.0075687 0.547214
0.0075687 0.547214
0.0075687 0.547214
0.0075687 0.547214
0.0075687 0.547214
0.0075687 0.547214
0.0075687 0.547214
0.0075687 0.547214
0.0075687 0.547214
0.0075687 0.547214
0.0075687 0.547214
0.0075687 0.547214
0.0075687 0.547214
0.0075687 0.547214
0.0075687 0.547214
0.0075687 0.547214
0.0075687 0.547214
0.0075687 0.547214
0.00740575 0.547214
0.00740575 0.547214
0.00740575 0.547214
0.00740575 0.547214
0.00740575 0.547214
0.00740575 0.547214
0.00709676 0.547214
0.00709676 0.547214
0.00709676 0.547214
0.00709676 0.547214
0.00709676 0.547214
0.00709676 0.547214
0.00709676 0.547214
0.00709676 0.547214
0.00709676 0.547214
0.00709676 0.547214
0.00709676 0.547214
0.00709676 0.547214
0.00709676 0.547214
0.00709676 0.547214
0.00267304 0.547214
0.00267304 0.547214
0.00267304 0.537947
0.00267304 0.537947
0.00267304 0.537947
0.00267304 0.537947
0.00267304 0.537947
0.00267304 0.537947
0.00267304 0.537947
0.00267304 0.537947
0.00267304 0.537947
0.00267304 0.537947
0.00267304 0.537947
0.00267304 0.537947
0.00267304 0.537947
0.00267304 0.537947
0.00267304 0.537947
0.00267304 0.537947
0.00267304 0.537947
0.00267304 0.537947
0.00267304 0.537947
0.00267304 0.537947
0.00267304 0.537947
0.00267304 0.537947
0.00267304 0.537947
0.00267304 0.537947
0.00267304 0.537947
0.00267304 0.537947
0.00267304 0.537947
0.00267304 0.537947
0.00267304 0.537947
0.00267304 0.537947
0.00267304 0.537947
0.00267304 0.537947
0.00267304 0.537947
0.00267304 0.537947
0.00267304 0.537947
0.00267304 0.537947
0.00267304 0.537947
0.00267304 0.537947
0.00267304 0.537947
0.00267304 0.537947
0.00267304 0.537947
0.00267304 0.537947
0.00267304 0.537947
0.00267304 0.537947
0.00267304 0.537947
0.00267304 0.537947
0.00267304 0.537947
0.00267304 0.537947
0.00267304 0.537947
0.00267304 0.537947
0.00267304 0.537947
0.00267304 0.537947
0.00267304 0.537947
0.00267304 0.537947
0.00267304 0.537947
0.00267304 0.537947
0.00267304 0.537947
0.00267304 0.537947
0.00267304 0.537947
0.00267304 0.537947
0.00267304 0.537947
0.00267304 0.537947
0.00267304 0.537947
0.00267304 0.537947
0.00267304 0.537947
0.00267304 0.537947
0.00267304 0.537947
0.00267304 0.537947
0.00267304 0.537947
0.00267304 0.537947
0.00267304 0.537947
0.00267304 0.537947
0.00147651 0.537947
0.00147651 0.537947
0.00147651 0.537947
0.00147651 0.537947
0.00147651 0.537947
0.00147651 0.537947
0.00147651 0.537947
0.00124913 0.537947
0.00124913 0.537947
0.00124913 0.537947
0.00124913 0.537947
0.00124913 0.537947
0.00124913 0.537947
0.00124913 0.537947
0.00124913 0.537947
0.00124913 0.537947
0.00124913 0.537947
0.00124913 0.537947
0.00124913 0.537947
0.00124913 0.537947
0.00124913 0.537947
0.00124913 0.537947
0.00124913 0.537947
0.00124913 0.537947
0.00124913 0.537947
0.00124913 0.537947
0.00124913 0.537947
0.00124913 0.537947
0.00124913 0.537947
0.00124913 0.537947
0.00124913 0.537947
0.00124913 0.537947
0.00124913 0.537947
0.00124913 0.537947
0.00088088 0.537947
0.00088088 0.537947
0.00088088 0.537947
0.00088088 0.537947
0.00088088 0.537947
0.00088088 0.537947
0.00088088 0.537947
0.00088088 0.537947
0.00088088 0.537947
0.00088088 0.537947
0.00088088 0.537947
0.000868607 0.537947
0.000868607 0.537947
0.000868607 0.537947
0.000868607 0.537947
0.000868607 0.537947
0.000868607 0.537947
0.000868607 0.537947
0.000868607 0.537947
0.000868607 0.537947
0.000868607 0.537947
0.000868607 0.537947
0.000868607 0.537947
0.000868607 0.537947
0.000868607 0.537947
0.000868607 0.537947
0.000868607 0.537947
0.000868607 0.537947
0.000868607 0.537947
0.000868607 0.537947
0.000868607 0.537947
0.000868607 0.537947
0.000868607 0.537947
0.000868607 0.537947
0.000868607 0.537947
0.000868607 0.537947
0.000868607 0.537947
0.000868607 0.537947
0.000868607 0.537947
0.000868607 0.537947
0.000868607 0.537947
0.000868607 0.537947
0.000868607 0.537947
0.000868607 0.537947
0.000868607 0.537947
0.000868607 0.537947
0.000868607 0.537947
0.000868607 0.537947
0.000868607 0.537947
0.000868607 0.537947
0.000868607 0.537947
0.000868607 0.537947
0.000868607 0.537947
0.000868607 0.537947
0.000868607 0.537947
0.000868607 0.537947
0.000868607 0.537947
0.000868607 0.537947
0.000868607 0.537947
0.000868607 0.537947
0.000868607 0.537947
0.000868607 0.537947
0.000868607 0.536033
0.000868607 0.536033
0.000868607 0.536033
0.000868607 0.536033
0.000868607 0.536033
0.000868607 0.536033
0.000868607 0.536033
0.000868607 0.536033
0.000868607 0.536033
0.000868607 0.536033
0.000868607 0.536033
0.000868607 0.536033
0.000868607 0.536033
0.000868607 0.536033
0.000868607 0.536033
0.000868607 0.536033
0.000868607 0.536033
0.000868607 0.536033
0.000868607 0.536033
0.000868607 0.536033
0.000868607 0.536033
0.000868607 0.536033
0.000868607 0.536033
0.000868607 0.536033
0.000868607 0.536033
0.000868607 0.536033
0.000868607 0.536033
0.000868607 0.536033
0.000868607 0.536033
0.000868607 0.536033
0.000868607 0.536033
0.000868607 0.536033
0.000868607 0.536033
0.000868607 0.536033
0.000868607 0.536033
0.000868607 0.536033
0.000868607 0.536033
0.000868607 0.536033
0.000868607 0.536033
0.000868607 0.536033
0.000868607 0.536033
0.000868607 0.536033
0.000868607 0.536033
0.000868607 0.536033
0.000868607 0.536033
0.000868607 0.536033
0.000868607 0.536033
0.000868607 0.536033
0.000868607 0.536033
0.000868607 0.536033
0.000868607 0.536033
0.000868607 0.536033
0.000868607 0.536033
0.000868607 0.536033
0.000868607 0.536033
0.000868607 0.536033
0.000868607 0.536033
0.000868607 0.536033
0.000868607 0.536033
0.000868607 0.536033
0.000868607 0.536033
0.000868607 0.536033
0.000868607 0.536033
0.000868607 0.536033
