0.00732917 0.556323
0.00732917 0.556323
0.00732917 0.556323
0.00732917 0.556323
0.00732917 0.5515
0.00732917 0.5515
0.00732917 0.5515
0.00732917 0.5515
0.00732917 0.5515
0.00732917 0.5515
0.00732917 0.5515
0.00732917 0.5515
0.00732917 0.5515
0.00732917 0.551025
0.00732917 0.551025
0.00732917 0.551025
0.00732917 0.551025
0.00732917 0.551025
0.00732917 0.551025
0.00732917 0.551025
0.00732917 0.551025
0.00551548 0.551025
0.00551548 0.551025
0.00551548 0.551025
0.00551548 0.551025
0.00551548 0.551025
0.00551548 0.551025
0.00551548 0.551025
0.00551548 0.551025
0.00551548 0.551025
0.00551548 0.551025
0.00551548 0.551025
0.00133042 0.551025
0.00133042 0.551025
0.00133042 0.551025
0.00133042 0.551025
0.00133042 0.551025
0.00133042 0.551025
0.00133042 0.551025
0.00133042 0.551025
0.00133042 0.551025
0.00133042 0.551025
0.00133042 0.551025
0.00133042 0.551025
0.00133042 0.551025
0.00133042 0.551025
0.00133042 0.551025
0.00133042 0.551025
0.00133042 0.551025
0.00133042 0.551025
0.00133042 0.551025
0.00133042 0.551025
0.00133042 0.551025
0.00133042 0.551025
0.00133042 0.551025
0.00133042 0.551025
0.00133042 0.551025
0.00133042 0.551025
0.00133042 0.551025
0.00133042 0.551025
0.00133042 0.551025
0.00133042 0.551025
0.00133042 0.551025
0.00133042 0.551025
0.00133042 0.551025
0.00133042 0.529012
0.00133042 0.529012
0.00133042 0.529012
0.00133042 0.529012
0.00133042 0.529012
0.00133042 0.529012
0.00133042 0.529012
0.00133042 0.529012
0.00133042 0.529012
0.00133042 0.529012
0.00133042 0.529012
0.00133042 0.529012
0.00133042 0.529012
0.00133042 0.526608
0.00133042 0.526608
0.00133042 0.526608
0.00133042 0.526608
0.00133042 0.526608
0.00133042 0.526608
0.00133042 0.526608
0.00133042 0.526608
0.00133042 0.526608
0.00133042 0.526608
0.00133042 0.526608
0.00133042 0.526608
0.00133042 0.526608
0.00133042 0.526608
0.00133042 0.526608
0.00133042 0.526608
0.00133042 0.526608
0.00133042 0.526608
0.00133042 0.526608
0.00133042 0.526608
0.00133042 0.526608
0.00133042 0.526608
0.00133042 0.526608
0.00133042 0.526608
0.00133042 0.526608
0.00133042 0.526608
0.00133042 0.526608
0.00133042 0.526608
0.00133042 0.526608
0.00133042 0.526608
0.00133042 0.526608
0.00133042 0.526608
0.00133042 0.526608
0.00133042 0.526608
0.00133042 0.526608
0.00133042 0.526608
0.00133042 0.526608
0.00133042 0.526608
0.00133042 0.526608
0.00133042 0.526608
0.00133042 0.526608
0.000376824 0.526608
0.00031386 0.526608
0.00031386 0.526608
0.00031386 0.526608
0.00031386 0.526608
0.00031386 0.526608
0.00031386 0.526608
0.00031386 0.526608
0.00031386 0.526608
0.00031386 0.526608
0.00031386 0.526608
0.00031386 0.526608
0.00031386 0.526608
0.00031386 0.526608
0.00031386 0.526608
0.00031386 0.526608
0.00031386 0.526608
0.00031386 0.526608
0.00031386 0.526608
0.00031386 0.526608
0.00031386 0.526608
0.00031386 0.526608
0.00031386 0.526608
0.00031386 0.526608
0.00031386 0.526608
0.00031386 0.526608
0.00031386 0.526608
0.00031386 0.526608
0.00031386 0.526608
0.00031386 0.526608
0.00031386 0.526608
0.00031386 0.526608
0.00031386 0.526608
0.00031386 0.526608
0.00031386 0.526608
0.00031386 0.526608
0.00031386 0.526608
0.00031386 0.526608
0.00031386 0.526608
0.00031386 0.526608
0.00031386 0.526608
0.00031386 0.526608
0.00031386 0.526608
0.00031386 0.526608
0.00031386 0.526608
0.00031386 0.526608
0.00031386 0.526608
0.00031386 0.526608
0.00031386 0.526608
0.00031386 0.526608
0.00031386 0.526608
0.00031386 0.526608
0.00031386 0.526608
0.00031386 0.526608
0.00031386 0.526608
0.00031386 0.526608
0.00031386 0.526608
0.00031386 0.526608
0.00031386 0.526608
0.00031386 0.526608
0.00031386 0.526608
0.00031386 0.526608
0.00031386 0.526608
0.00031386 0.526608
0.00031386 0.526608
0.00031386 0.526608
0.00031386 0.526608
0.00031386 0.526608
0.00031386 0.526608
0.00031386 0.526608
0.00031386 0.526608
0.00031386 0.526608
0.00031386 0.526608
0.00031386 0.526608
0.00031386 0.526608
0.00031386 0.526608
0.00031386 0.526608
0.00031386 0.526608
0.00031386 0.526608
0.00031386 0.526608
0.00031386 0.526608
0.00031386 0.526608
0.00031386 0.526608
0.00031386 0.526608
0.00031386 0.526608
0.00031386 0.526608
0.00031386 0.526608
0.00031386 0.526608
0.00031386 0.526608
0.00031386 0.526608
0.00031386 0.526608
0.00031386 0.526608
0.00031386 0.526608
0.00031386 0.526608
0.00031386 0.526608
0.00031386 0.526608
0.00031386 0.526608
0.00031386 0.526608
0.00031386 0.526608
0.00031386 0.526608
0.00031386 0.526608
0.00031386 0.526608
0.00031386 0.526608
0.00031386 0.526608
0.00031386 0.526608
0.00031386 0.526608
0.00031386 0.526608
0.00031386 0.526608
0.00031386 0.526608
0.00031386 0.526608
0.00031386 0.526608
0.00031386 0.526608
0.00031386 0.526608
0.00031386 0.526608
0.00031386 0.524808
0.00031386 0.524808
0.00031386 0.524808
0.00031386 0.524808
0.000204288 0.524808
0.000204288 0.524808
0.000204288 0.524808
0.000204288 0.524808
0.000204288 0.524808
0.000204288 0.524808
0.000204288 0.524808
0.000204288 0.524808
0.000204288 0.524808
0.000204288 0.524808
0.000204288 0.524808
0.000204288 0.524808
0.000204288 0.524808
0.000204288 0.524808
0.000204288 0.524808
0.000204288 0.524808
0.000204288 0.524808
0.000204288 0.524808
0.000204288 0.524808
0.000204288 0.524808
0.000204288 0.524808
0.000204288 0.524808
0.000204288 0.524808
0.000204288 0.524808
0.000204288 0.524808
0.000204288 0.524808
0.000204288 0.524808
0.000204288 0.524808
0.000204288 0.524808
0.000204288 0.524808
0.000204288 0.524808
0.000204288 0.524808
0.000204288 0.524808
0.000204288 0.524808
0.000204288 0.524808
0.000204288 0.524808
0.000204288 0.524808
0.000204288 0.524808
0.000204288 0.524808
0.000204288 0.524808
0.000204288 0.524808
0.000204288 0.524808
0.000204288 0.524808
0.000204288 0.524808
0.000204288 0.524808
0.000204288 0.524808
0.000204288 0.524808
0.000204288 0.524808
0.000204288 0.524808
0.000204288 0.524808
0.000204288 0.524808
0.000204288 0.524808
0.000204288 0.524808
0.000204288 0.524808
0.000204288 0.524808
0.000204288 0.524808
0.000204288 0.524808
0.000204288 0.524808
0.000204288 0.524808
0.000204288 0.524808
0.000204288 0.524808
0.000204288 0.524808
0.000204288 0.524808
0.000204288 0.524808
0.000204288 0.524808
0.000204288 0.524808
0.000204288 0.524808
0.000204288 0.524808
0.000204288 0.524808
0.000204288 0.524808
0.000204288 0.524808
0.000204288 0.524808
0.000204288 0.524808
0.000204288 0.524808
0.000204288 0.524808
0.000204288 0.524808
0.000204288 0.524808
0.000204288 0.524808
0.000204288 0.524808
0.000204288 0.524808
0.000204288 0.524808
0.000204288 0.524808
0.000204288 0.524808
0.000204288 0.524808
0.000204288 0.524808
0.000204288 0.524808
0.000204288 0.524808
0.000204288 0.524808
0.000204288 0.524808
0.000204288 0.524808
0.000204288 0.524808
0.000204288 0.524808
0.000204288 0.524808
0.000204288 0.524808
0.000204288 0.524808
0.000204288 0.524808
0.000204288 0.524808
0.000204288 0.524808
0.000204288 0.524808
0.000204288 0.524808
0.000204288 0.524808
0.000204288 0.516603
0.000204288 0.516603
0.000204288 0.516603
0.000204288 0.516603
0.000204288 0.516603
0.000204288 0.516603
0.000204288 0.516603
0.000204288 0.516603
0.000204288 0.516603
0.000204288 0.516603
0.000204288 0.516603
0.000204288 0.516603
0.000204288 0.516603
0.000204288 0.516603
0.000204288 0.516603
0.000204288 0.516603
0.000204288 0.516603
0.000204288 0.516603
0.000204288 0.516603
0.000204288 0.516603
0.000204288 0.516603
0.000204288 0.516603
0.000204288 0.516603
0.000204288 0.516603
0.000204288 0.516603
0.000204288 0.516603
0.000204288 0.516603
0.000204288 0.516603
0.000204288 0.516603
0.000204288 0.516603
0.000204288 0.516603
0.000204288 0.516603
0.000204288 0.516603
0.000204288 0.516603
0.000204288 0.516603
0.000204288 0.516603
0.000204288 0.516603
0.000204288 0.516603
0.000204288 0.516603
0.000204288 0.516603
0.000204288 0.516603
0.000204288 0.516603
0.000204288 0.516603
0.000204288 0.516603
0.000204288 0.516603
0.000204288 0.516603
0.000204288 0.516603
0.000204288 0.516603
0.000204288 0.516603
0.000204288 0.516603
0.000204288 0.516603
0.000189759 0.516603
0.000189759 0.516603
0.000189759 0.516603
0.000189759 0.516603
0.000189759 0.516603
0.000189759 0.516603
0.000189759 0.516603
0.000189759 0.516603
0.000189759 0.516603
0.000189759 0.516603
0.000189759 0.516603
0.000189759 0.516603
0.000189759 0.516603
0.000189759 0.516603
0.000189759 0.516603
0.000189759 0.516603
0.000189759 0.516603
0.000189759 0.516603
0.000189759 0.516603
0.000189759 0.516603
0.000189759 0.516603
0.000189759 0.516603
0.000189759 0.516603
0.000189759 0.516603
0.000189759 0.516603
0.000189759 0.516603
0.000189759 0.516603
0.000189759 0.516603
0.000189759 0.516603
0.000189759 0.516603
0.000189759 0.516603
0.000189759 0.516603
0.000189759 0.516603
0.000189759 0.516603
0.000189759 0.516603
0.000189759 0.516603
0.000189759 0.516603
0.000189759 0.516603
0.000189759 0.516603
0.000189759 0.516603
0.000189759 0.516603
0.000189759 0.516603
0.000189759 0.516603
0.000189759 0.516603
0.000189759 0.516603
0.000189759 0.516603
0.000189759 0.516603
0.000189759 0.516603
0.000189759 0.516603
0.000189759 0.516603
0.000189759 0.516603
0.000189759 0.516603
0.000189759 0.516603
0.000189759 0.516603
0.000189759 0.516603
0.000189759 0.516603
0.000189759 0.516603
0.000189759 0.516603
0.000189759 0.516603
0.000189759 0.516603
0.000189759 0.516603
0.000189759 0.516603
0.000189759 0.516603
0.000189759 0.516603
0.000189759 0.516603
0.000189759 0.516603
0.000189759 0.516603
0.000189759 0.516603
0.000189759 0.516603
0.000189759 0.516603
0.000189759 0.516603
0.000189759 0.516603
0.000189759 0.516603
0.000189759 0.516603
0.000189759 0.516603
0.000189759 0.516603
0.000189759 0.516603
0.000189759 0.516603
0.000189759 0.516603
0.000189759 0.516603
0.000189759 0.516603
0.000189759 0.516603
0.000189759 0.516603
0.000189759 0.516603
0.000189759 0.516603
0.000189759 0.516603
0.000189759 0.516603
0.000189759 0.516603
0.000189759 0.516603
0.000189759 0.516603
0.000189759 0.516603
0.000189759 0.516603
0.000189759 0.516603
0.000189759 0.516603
0.000189759 0.516603
0.000189759 0.516603
0.000189759 0.516603
0.000189759 0.516603
0.000189759 0.516603
0.000189759 0.516603
0.000189759 0.516603
0.000189759 0.516603
0.000189759 0.516603
0.000189759 0.516603
0.000189759 0.516603
0.000189759 0.516603
0.000189759 0.516603
0.000189759 0.516603
0.000189759 0.516603
0.000189759 0.516603
0.000189759 0.516603
0.000189759 0.516603
