0.00172375 0.558099
0.00172375 0.552734
0.00172375 0.552734
0.00172375 0.552734
0.00172375 0.552734
0.00172375 0.552734
0.00172375 0.552734
0.00172375 0.552734
0.00172375 0.548611
0.00172375 0.545376
0.00172375 0.545376
0.00172375 0.545376
0.00172375 0.545376
0.00172375 0.545376
0.00172375 0.545376
0.00172375 0.541762
0.00172375 0.541762
0.00172375 0.541762
0.00172375 0.540052
0.00172375 0.530965
0.00172375 0.530965
0.00172375 0.528406
0.00172375 0.528406
0.00172375 0.528406
0.00172375 0.527383
0.00172375 0.524355
0.00172375 0.524355
0.00172375 0.524355
0.00172375 0.524355
0.00172375 0.524355
0.00172375 0.51073
0.00172375 0.51073
0.00172375 0.51073
0.00172375 0.509554
0.00172375 0.509554
0.00172375 0.50758
0.00172375 0.50758
0.00172375 0.50661
0.00172375 0.50661
0.00172375 0.50661
0.00172375 0.50661
0.00172375 0.50661
0.00172375 0.50661
0.00172375 0.50661
0.00172375 0.505186
0.00172375 0.505186
0.00172375 0.505186
0.00172375 0.505186
0.00172375 0.498915
0.00172375 0.498915
0.00172375 0.498915
0.00172375 0.496743
0.00172375 0.496711
0.00172375 0.496711
0.00172375 0.496711
0.00172375 0.496711
0.00172375 0.496711
0.00172375 0.496711
0.00172375 0.496711
0.00172375 0.496711
0.000684066 0.496711
0.000684066 0.494667
0.000684066 0.494667
0.000684066 0.494667
0.000684066 0.492169
0.000684066 0.492169
0.000684066 0.492169
0.000684066 0.492169
0.000684066 0.492169
0.000684066 0.492169
0.000684066 0.492169
0.000684066 0.490082
0.000684066 0.489674
0.000684066 0.489674
0.000684066 0.479338
0.000684066 0.479338
0.000684066 0.479338
0.000684066 0.474127
0.000684066 0.474127
0.000684066 0.473142
0.000684066 0.473142
0.000684066 0.472636
0.000684066 0.471263
0.000684066 0.471263
0.000684066 0.471263
0.000684066 0.471263
0.000684066 0.471263
0.000684066 0.471263
0.000684066 0.471263
0.000684066 0.471095
0.000684066 0.463207
0.000684066 0.463207
0.000684066 0.463207
0.000684066 0.463207
0.000684066 0.463207
3.81215e-05 0.463207
3.81215e-05 0.463207
3.81215e-05 0.463029
3.81215e-05 0.463029
3.81215e-05 0.463029
3.81215e-05 0.463029
3.81215e-05 0.463029
3.81215e-05 0.463029
3.81215e-05 0.463029
3.81215e-05 0.461541
3.81215e-05 0.461351
3.81215e-05 0.461351
3.81215e-05 0.461351
3.81215e-05 0.460685
3.81215e-05 0.454418
3.81215e-05 0.454418
3.81215e-05 0.452069
3.81215e-05 0.452069
3.81215e-05 0.452069
3.81215e-05 0.452069
3.81215e-05 0.45164
3.81215e-05 0.45164
3.81215e-05 0.450771
3.81215e-05 0.450771
3.81215e-05 0.448291
3.81215e-05 0.448291
3.81215e-05 0.448291
3.81215e-05 0.448291
3.81215e-05 0.448291
3.81215e-05 0.448291
3.81215e-05 0.448291
3.81215e-05 0.448291
3.81215e-05 0.44673
3.81215e-05 0.44673
3.81215e-05 0.44673
3.81215e-05 0.44673
3.81215e-05 0.44673
3.81215e-05 0.44673
3.81215e-05 0.446039
3.81215e-05 0.445889
3.81215e-05 0.436862
3.81215e-05 0.436862
3.81215e-05 0.436862
3.81215e-05 0.436862
3.81215e-05 0.434947
3.81215e-05 0.434947
3.81215e-05 0.434947
3.81215e-05 0.434947
3.81215e-05 0.43485
3.81215e-05 0.43485
3.81215e-05 0.43485
3.81215e-05 0.431753
3.81215e-05 0.431753
3.81215e-05 0.431753
3.81215e-05 0.419396
3.81215e-05 0.419396
3.81215e-05 0.419396
3.81215e-05 0.41789
3.81215e-05 0.41789
3.81215e-05 0.41789
3.81215e-05 0.41789
3.81215e-05 0.41772
3.81215e-05 0.41772
3.81215e-05 0.41772
3.81215e-05 0.41772
3.81215e-05 0.41772
3.81215e-05 0.41772
3.81215e-05 0.41772
3.81215e-05 0.41772
3.81215e-05 0.41772
3.81215e-05 0.41772
3.81215e-05 0.41772
3.81215e-05 0.41772
3.81215e-05 0.41772
3.81215e-05 0.393914
3.81215e-05 0.390392
3.81215e-05 0.390392
3.81215e-05 0.389617
3.81215e-05 0.389617
3.81215e-05 0.389617
3.81215e-05 0.381198
3.81215e-05 0.381198
3.81215e-05 0.381198
3.81215e-05 0.381198
3.81215e-05 0.375507
3.81215e-05 0.375507
3.81215e-05 0.375507
3.81215e-05 0.365224
3.81215e-05 0.365224
3.81215e-05 0.365224
3.81215e-05 0.365224
3.81215e-05 0.365224
3.81215e-05 0.360981
3.81215e-05 0.360981
3.81215e-05 0.351387
3.81215e-05 0.349224
3.81215e-05 0.349224
3.81215e-05 0.349224
3.81215e-05 0.349224
3.81215e-05 0.349224
3.81215e-05 0.349224
3.81215e-05 0.349224
3.81215e-05 0.349224
3.81215e-05 0.349224
3.81215e-05 0.349224
3.81215e-05 0.349224
3.81215e-05 0.349061
3.81215e-05 0.342056
3.81215e-05 0.342056
3.81215e-05 0.339353
3.81215e-05 0.339353
3.81215e-05 0.339353
3.81215e-05 0.339353
3.81215e-05 0.339353
3.81215e-05 0.339353
3.81215e-05 0.339353
3.81215e-05 0.339353
3.81215e-05 0.339353
3.81215e-05 0.339353
3.81215e-05 0.339353
3.81215e-05 0.339353
3.81215e-05 0.339353
3.81215e-05 0.339353
3.81215e-05 0.339353
3.81215e-05 0.339353
3.81215e-05 0.339353
3.81215e-05 0.332343
3.81215e-05 0.331638
3.81215e-05 0.331638
3.81215e-05 0.325514
3.81215e-05 0.325514
3.81215e-05 0.322374
3.81215e-05 0.322374
3.81215e-05 0.322374
3.81215e-05 0.322374
3.81215e-05 0.320408
3.81215e-05 0.318868
3.81215e-05 0.318868
3.81215e-05 0.318868
3.81215e-05 0.318868
3.81215e-05 0.318868
3.81215e-05 0.310301
3.81215e-05 0.310301
3.81215e-05 0.308952
3.81215e-05 0.305691
3.81215e-05 0.305241
3.81215e-05 0.305241
3.81215e-05 0.305241
3.81215e-05 0.303524
3.81215e-05 0.302572
3.81215e-05 0.302572
3.81215e-05 0.302572
3.81215e-05 0.302572
3.81215e-05 0.302572
3.81215e-05 0.302572
3.81215e-05 0.302572
3.81215e-05 0.302398
3.81215e-05 0.299192
3.81215e-05 0.299192
3.81215e-05 0.294483
3.81215e-05 0.294483
3.81215e-05 0.294483
3.81215e-05 0.294483
3.81215e-05 0.294483
3.81215e-05 0.294483
3.81215e-05 0.294483
3.81215e-05 0.288205
3.81215e-05 0.288205
3.81215e-05 0.288205
3.81215e-05 0.287759
3.81215e-05 0.284485
3.81215e-05 0.284485
3.81215e-05 0.282866
3.81215e-05 0.282866
3.81215e-05 0.280948
3.81215e-05 0.274914
3.81215e-05 0.270494
3.81215e-05 0.2649
3.81215e-05 0.260488
3.81215e-05 0.259158
3.81215e-05 0.259158
3.81215e-05 0.258494
3.81215e-05 0.258494
3.81215e-05 0.244185
3.81215e-05 0.244185
3.81215e-05 0.244185
3.81215e-05 0.244185
3.81215e-05 0.244185
3.81215e-05 0.244185
3.81215e-05 0.243057
3.81215e-05 0.2382
3.81215e-05 0.2382
3.81215e-05 0.2382
3.81215e-05 0.23769
3.81215e-05 0.237393
3.81215e-05 0.23685
3.81215e-05 0.23685
3.81215e-05 0.23685
3.81215e-05 0.23685
3.81215e-05 0.23685
3.81215e-05 0.23685
3.81215e-05 0.225893
3.81215e-05 0.224831
3.81215e-05 0.224831
3.81215e-05 0.224831
3.81215e-05 0.223501
3.81215e-05 0.223501
3.81215e-05 0.223501
3.81215e-05 0.223501
3.81215e-05 0.222442
3.81215e-05 0.222442
3.81215e-05 0.222442
3.81215e-05 0.219819
3.81215e-05 0.217454
3.81215e-05 0.217454
3.81215e-05 0.212843
3.81215e-05 0.212843
3.81215e-05 0.212843
3.81215e-05 0.212698
3.81215e-05 0.212698
3.81215e-05 0.212698
3.81215e-05 0.212698
3.81215e-05 0.212698
3.81215e-05 0.212332
3.81215e-05 0.20158
3.81215e-05 0.20158
3.81215e-05 0.189437
3.81215e-05 0.189437
3.81215e-05 0.189437
3.81215e-05 0.189437
3.81215e-05 0.181828
3.81215e-05 0.181828
3.81215e-05 0.179978
3.81215e-05 0.179978
3.81215e-05 0.179978
3.81215e-05 0.173871
3.81215e-05 0.173871
3.81215e-05 0.173871
3.81215e-05 0.173871
3.81215e-05 0.173871
3.81215e-05 0.173871
3.81215e-05 0.173871
3.81215e-05 0.173871
3.81215e-05 0.173228
3.81215e-05 0.173228
3.81215e-05 0.173228
3.81215e-05 0.173228
3.81215e-05 0.173228
3.81215e-05 0.173228
3.81215e-05 0.173228
3.81215e-05 0.173228
3.81215e-05 0.173228
3.81215e-05 0.173228
3.81215e-05 0.173228
3.81215e-05 0.172838
3.81215e-05 0.172838
3.81215e-05 0.172838
3.81215e-05 0.172838
3.81215e-05 0.172838
3.81215e-05 0.172838
3.81215e-05 0.171876
3.81215e-05 0.165675
3.81215e-05 0.159664
3.81215e-05 0.159664
3.81215e-05 0.159664
3.81215e-05 0.154562
3.81215e-05 0.154562
3.81215e-05 0.154562
3.81215e-05 0.154562
3.81215e-05 0.153444
3.81215e-05 0.153077
3.81215e-05 0.149881
3.81215e-05 0.147634
3.81215e-05 0.147634
3.81215e-05 0.147634
3.81215e-05 0.147634
3.81215e-05 0.147634
3.81215e-05 0.147634
3.81215e-05 0.147634
3.81215e-05 0.147634
3.81215e-05 0.145899
3.81215e-05 0.145899
3.81215e-05 0.145899
3.81215e-05 0.145899
3.81215e-05 0.145899
3.81215e-05 0.145899
3.81215e-05 0.145899
3.81215e-05 0.145899
3.81215e-05 0.145899
3.81215e-05 0.145899
3.81215e-05 0.145899
3.81215e-05 0.145899
3.81215e-05 0.145899
3.81215e-05 0.145899
3.81215e-05 0.145899
3.81215e-05 0.145899
3.81215e-05 0.145899
3.81215e-05 0.145899
3.81215e-05 0.145899
3.81215e-05 0.145899
3.81215e-05 0.124795
3.81215e-05 0.0993888
3.81215e-05 0.0993888
3.81215e-05 0.0993888
3.81215e-05 0.0985384
3.81215e-05 0.0985384
3.81215e-05 0.0985384
3.81215e-05 0.0985384
3.81215e-05 0.0985384
3.81215e-05 0.0985384
3.81215e-05 0.0985384
3.81215e-05 0.0966397
3.81215e-05 0.0966397
3.81215e-05 0.0966397
3.81215e-05 0.0966397
3.81215e-05 0.0966397
3.81215e-05 0.0966397
3.81215e-05 0.0966397
3.81215e-05 0.0966397
3.81215e-05 0.0966397
3.81215e-05 0.0966397
3.81215e-05 0.0966397
3.81215e-05 0.0966397
3.81215e-05 0.0966397
3.81215e-05 0.0966397
3.81215e-05 0.0966397
3.81215e-05 0.0966397
3.81215e-05 0.0966397
3.81215e-05 0.0966397
3.81215e-05 0.0966397
3.81215e-05 0.0966397
3.81215e-05 0.0966397
3.81215e-05 0.0966397
3.81215e-05 0.0966397
3.81215e-05 0.0966397
3.81215e-05 0.0966397
3.81215e-05 0.0966397
3.81215e-05 0.0966397
3.81215e-05 0.093627
3.81215e-05 0.093627
3.81215e-05 0.093627
3.81215e-05 0.0908403
3.81215e-05 0.0908403
3.81215e-05 0.0908403
3.81215e-05 0.0902381
3.81215e-05 0.0846456
3.81215e-05 0.0846456
3.81215e-05 0.0846456
3.81215e-05 0.0846456
3.81215e-05 0.0846456
3.81215e-05 0.0846456
3.81215e-05 0.0846456
3.81215e-05 0.0846456
3.81215e-05 0.0846456
3.81215e-05 0.0846456
3.81215e-05 0.0846456
3.81215e-05 0.0846456
3.81215e-05 0.0846456
3.81215e-05 0.0846456
3.81215e-05 0.0846456
3.81215e-05 0.0846456
3.81215e-05 0.0846456
3.81215e-05 0.0846456
3.81215e-05 0.0840419
3.81215e-05 0.0840419
3.81215e-05 0.0840419
3.81215e-05 0.0840419
3.81215e-05 0.0840419
3.81215e-05 0.0840419
3.81215e-05 0.0840419
3.81215e-05 0.0840419
3.81215e-05 0.0840419
3.81215e-05 0.0840419
3.81215e-05 0.0840419
3.81215e-05 0.0840419
3.81215e-05 0.0827576
3.81215e-05 0.0827576
3.81215e-05 0.0827576
3.81215e-05 0.0827576
3.81215e-05 0.0827576
3.81215e-05 0.0827576
3.81215e-05 0.0827576
3.81215e-05 0.0827576
3.81215e-05 0.0736793
3.81215e-05 0.068973
3.81215e-05 0.068973
3.81215e-05 0.068973
3.81215e-05 0.068973
3.81215e-05 0.068973
3.81215e-05 0.068973
3.81215e-05 0.068973
3.81215e-05 0.068973
3.81215e-05 0.0661553
3.81215e-05 0.0661553
3.81215e-05 0.0661553
3.81215e-05 0.0642227
3.81215e-05 0.0642227
3.81215e-05 0.0642227
3.81215e-05 0.0642227
3.81215e-05 0.0642227
3.81215e-05 0.0642227
3.81215e-05 0.0642227
3.81215e-05 0.0642227
3.81215e-05 0.0641466
3.81215e-05 0.0641466
3.81215e-05 0.0641466
