0.0605207 0.575845
0.0437554 0.575845
0.0437554 0.560673
0.0305346 0.560673
0.0305346 0.560673
0.020794 0.560673
0.0125209 0.560673
0.00853101 0.560673
0.00639872 0.560673
0.00639872 0.560673
0.00639872 0.539501
0.00434141 0.539501
0.00395907 0.539501
0.00307111 0.539501
0.000790354 0.539501
0.000790354 0.539501
0.000790354 0.539501
0.000790354 0.539501
0.000790354 0.539501
0.000790354 0.539501
0.000790354 0.539501
0.000553655 0.539501
0.000545089 0.539501
0.000545089 0.539501
0.000545089 0.539501
0.000545089 0.539501
0.000545089 0.539501
0.000545089 0.539501
0.000545089 0.539501
0.000102215 0.539501
0.000102215 0.539501
0.000102215 0.539501
0.000102215 0.539501
0.000102215 0.539501
0.000102215 0.539501
0.000102215 0.539501
0.000102215 0.539501
0.000102215 0.539501
0.000102215 0.539501
0.000102215 0.539501
0.000102215 0.539501
0.000102215 0.539501
0.000102215 0.539501
0.000102215 0.539501
0.000102215 0.539501
0.000102215 0.539501
0.000102215 0.539501
0.000102215 0.539501
0.000102215 0.539501
0.000102215 0.539501
0.000102215 0.539501
0.000102215 0.539501
0.000102215 0.539501
0.000102215 0.539501
0.000102215 0.539501
0.000102215 0.539501
0.000102215 0.539501
0.000102215 0.539501
0.000102215 0.539501
0.000102215 0.539501
0.000102215 0.539501
0.000102215 0.539501
0.000102215 0.539501
0.000102215 0.539501
0.000102215 0.539501
0.000102215 0.539501
0.000102215 0.539501
0.000102215 0.539501
0.000102215 0.539501
0.000102215 0.539501
0.000102215 0.539501
0.000102215 0.539501
0.000102215 0.539501
0.000102215 0.539501
0.000102215 0.539501
0.000102215 0.539501
0.000102215 0.539501
0.000102215 0.536358
0.000102215 0.536358
0.000102215 0.536358
0.000102215 0.536358
0.000102215 0.536358
0.000102215 0.536358
0.000102215 0.536358
0.000102215 0.536358
7.82539e-05 0.517
7.82539e-05 0.517
7.82539e-05 0.517
7.82539e-05 0.517
7.82539e-05 0.517
7.82539e-05 0.517
7.82539e-05 0.517
7.82539e-05 0.517
7.82539e-05 0.517
7.82539e-05 0.517
7.82539e-05 0.517
7.82539e-05 0.517
7.82539e-05 0.517
7.82539e-05 0.517
7.82539e-05 0.517
7.82539e-05 0.517
7.82539e-05 0.517
7.82539e-05 0.517
7.82539e-05 0.517
7.82539e-05 0.517
7.82539e-05 0.517
7.82539e-05 0.517
7.82539e-05 0.517
7.82539e-05 0.517
7.82539e-05 0.517
7.82539e-05 0.517
4.641e-05 0.517
4.641e-05 0.517
4.641e-05 0.517
4.641e-05 0.517
4.641e-05 0.517
4.641e-05 0.517
4.641e-05 0.517
4.641e-05 0.517
4.641e-05 0.517
4.641e-05 0.517
4.641e-05 0.517
4.641e-05 0.517
4.641e-05 0.517
4.641e-05 0.517
4.641e-05 0.517
4.641e-05 0.517
4.641e-05 0.517
4.641e-05 0.517
4.641e-05 0.517
4.641e-05 0.517
4.641e-05 0.517
4.641e-05 0.517
4.641e-05 0.517
4.641e-05 0.517
4.641e-05 0.517
4.641e-05 0.517
4.51649e-05 0.517
4.51649e-05 0.517
4.51649e-05 0.517
2.2134e-05 0.517
2.2134e-05 0.517
2.2134e-05 0.517
2.2134e-05 0.517
2.2134e-05 0.517
2.2134e-05 0.517
2.2134e-05 0.517
2.2134e-05 0.517
2.2134e-05 0.517
2.2134e-05 0.517
2.2134e-05 0.517
2.2134e-05 0.517
2.2134e-05 0.517
2.2134e-05 0.517
2.2134e-05 0.517
2.2134e-05 0.517
2.2134e-05 0.517
2.2134e-05 0.517
2.2134e-05 0.517
2.2134e-05 0.517
2.2134e-05 0.517
2.2134e-05 0.517
2.2134e-05 0.517
2.2134e-05 0.517
2.2134e-05 0.517
2.2134e-05 0.517
2.2134e-05 0.517
2.2134e-05 0.517
2.2134e-05 0.517
2.2134e-05 0.517
2.2134e-05 0.517
2.2134e-05 0.517
2.2134e-05 0.517
2.2134e-05 0.517
2.2134e-05 0.517
2.2134e-05 0.517
2.2134e-05 0.517
2.2134e-05 0.517
2.2134e-05 0.517
2.2134e-05 0.517
2.2134e-05 0.517
2.2134e-05 0.517
2.2134e-05 0.517
2.2134e-05 0.517
2.2134e-05 0.517
2.2134e-05 0.517
2.2134e-05 0.517
2.2134e-05 0.517
2.2134e-05 0.517
2.2134e-05 0.517
2.2134e-05 0.517
2.2134e-05 0.517
2.2134e-05 0.517
2.2134e-05 0.517
2.2134e-05 0.517
2.2134e-05 0.517
2.2134e-05 0.517
2.2134e-05 0.517
2.2134e-05 0.517
2.2134e-05 0.517
2.2134e-05 0.517
2.2134e-05 0.517
2.2134e-05 0.517
2.2134e-05 0.517
2.2134e-05 0.517
2.2134e-05 0.517
2.2134e-05 0.517
2.2134e-05 0.517
2.2134e-05 0.517
2.2134e-05 0.517
2.2134e-05 0.517
2.2134e-05 0.517
2.2134e-05 0.517
2.2134e-05 0.517
2.2134e-05 0.517
2.2134e-05 0.517
2.2134e-05 0.517
2.2134e-05 0.517
2.2134e-05 0.517
2.2134e-05 0.517
2.2134e-05 0.517
2.2134e-05 0.517
2.2134e-05 0.517
2.2134e-05 0.517
2.2134e-05 0.517
2.2134e-05 0.517
2.2134e-05 0.517
2.2134e-05 0.517
2.2134e-05 0.517
2.2134e-05 0.517
2.2134e-05 0.517
2.2134e-05 0.517
2.2134e-05 0.517
2.2134e-05 0.517
2.2134e-05 0.517
2.2134e-05 0.517
2.2134e-05 0.517
2.2134e-05 0.517
2.2134e-05 0.517
2.2134e-05 0.517
2.2134e-05 0.517
2.2134e-05 0.517
2.2134e-05 0.517
2.2134e-05 0.517
2.2134e-05 0.517
2.2134e-05 0.517
2.2134e-05 0.517
2.2134e-05 0.517
2.2134e-05 0.517
2.2134e-05 0.517
2.2134e-05 0.517
2.2134e-05 0.517
2.2134e-05 0.517
2.2134e-05 0.517
2.2134e-05 0.517
2.2134e-05 0.517
2.2134e-05 0.517
2.2134e-05 0.517
2.2134e-05 0.517
2.2134e-05 0.517
2.2134e-05 0.517
2.2134e-05 0.517
2.2134e-05 0.517
2.2134e-05 0.517
2.2134e-05 0.517
2.2134e-05 0.517
2.2134e-05 0.517
2.2134e-05 0.517
2.2134e-05 0.517
2.2134e-05 0.517
2.2134e-05 0.517
2.2134e-05 0.517
2.2134e-05 0.517
2.2134e-05 0.517
2.2134e-05 0.517
2.2134e-05 0.517
2.2134e-05 0.517
2.2134e-05 0.517
2.2134e-05 0.517
2.2134e-05 0.517
2.2134e-05 0.517
2.2134e-05 0.517
2.2134e-05 0.517
2.2134e-05 0.517
2.2134e-05 0.517
2.2134e-05 0.517
2.2134e-05 0.517
2.2134e-05 0.517
2.2134e-05 0.517
2.2134e-05 0.517
2.2134e-05 0.517
2.2134e-05 0.517
2.2134e-05 0.517
2.2134e-05 0.517
2.2134e-05 0.517
2.2134e-05 0.517
2.2134e-05 0.517
2.2134e-05 0.517
2.2134e-05 0.517
2.2134e-05 0.517
2.2134e-05 0.517
2.2134e-05 0.517
2.2134e-05 0.517
2.2134e-05 0.517
2.2134e-05 0.517
2.2134e-05 0.517
2.2134e-05 0.517
2.2134e-05 0.517
2.2134e-05 0.517
2.2134e-05 0.517
2.2134e-05 0.517
2.2134e-05 0.517
2.2134e-05 0.517
2.2134e-05 0.517
2.2134e-05 0.517
2.2134e-05 0.517
2.2134e-05 0.517
2.2134e-05 0.517
2.2134e-05 0.517
2.2134e-05 0.517
2.2134e-05 0.517
2.2134e-05 0.517
2.2134e-05 0.517
2.2134e-05 0.517
2.2134e-05 0.517
2.2134e-05 0.517
2.2134e-05 0.517
2.2134e-05 0.517
2.2134e-05 0.517
2.2134e-05 0.517
2.2134e-05 0.517
2.2134e-05 0.517
2.2134e-05 0.517
2.2134e-05 0.517
2.2134e-05 0.517
2.2134e-05 0.517
2.2134e-05 0.517
2.2134e-05 0.517
2.2134e-05 0.517
2.2134e-05 0.517
2.2134e-05 0.517
2.2134e-05 0.517
2.2134e-05 0.517
2.2134e-05 0.517
2.2134e-05 0.517
2.2134e-05 0.517
2.2134e-05 0.517
1.34991e-06 0.517
1.34991e-06 0.517
1.34991e-06 0.517
1.34991e-06 0.517
1.34991e-06 0.517
1.34991e-06 0.517
1.34991e-06 0.517
1.34991e-06 0.517
1.34991e-06 0.517
1.34991e-06 0.517
1.34991e-06 0.517
1.34991e-06 0.517
1.34991e-06 0.517
1.34991e-06 0.517
1.34991e-06 0.517
1.34991e-06 0.517
1.34991e-06 0.517
1.34991e-06 0.517
1.34991e-06 0.517
1.34991e-06 0.517
1.34991e-06 0.517
1.34991e-06 0.517
1.34991e-06 0.517
1.34991e-06 0.517
1.34991e-06 0.517
1.34991e-06 0.517
1.34991e-06 0.517
1.34991e-06 0.517
1.34991e-06 0.517
1.34991e-06 0.517
1.34991e-06 0.517
1.34991e-06 0.517
1.34991e-06 0.517
1.34991e-06 0.517
1.34991e-06 0.517
1.34991e-06 0.517
1.34991e-06 0.517
1.34991e-06 0.517
1.34991e-06 0.517
1.34991e-06 0.517
1.34991e-06 0.517
1.34991e-06 0.517
1.34991e-06 0.517
1.34991e-06 0.517
1.34991e-06 0.517
1.34991e-06 0.517
1.34991e-06 0.517
1.34991e-06 0.517
1.34991e-06 0.517
1.34991e-06 0.517
1.34991e-06 0.517
1.34991e-06 0.517
1.34991e-06 0.517
1.34991e-06 0.517
1.34991e-06 0.517
1.34991e-06 0.517
1.34991e-06 0.517
1.34991e-06 0.517
1.34991e-06 0.517
1.34991e-06 0.517
1.34991e-06 0.517
1.34991e-06 0.517
1.34991e-06 0.517
1.34991e-06 0.517
1.34991e-06 0.517
1.34991e-06 0.517
1.34991e-06 0.517
1.34991e-06 0.517
1.34991e-06 0.517
1.34991e-06 0.517
1.34991e-06 0.517
1.34991e-06 0.517
1.34991e-06 0.517
1.34991e-06 0.517
1.34991e-06 0.517
1.34991e-06 0.517
1.34991e-06 0.517
1.34991e-06 0.517
1.34991e-06 0.517
1.34991e-06 0.517
1.34991e-06 0.517
1.34991e-06 0.517
1.34991e-06 0.517
1.34991e-06 0.517
1.34991e-06 0.517
1.34991e-06 0.517
1.34991e-06 0.517
1.34991e-06 0.517
1.34991e-06 0.517
1.34991e-06 0.517
1.34991e-06 0.517
1.34991e-06 0.517
1.34991e-06 0.517
1.34991e-06 0.517
1.34991e-06 0.517
1.34991e-06 0.517
1.34991e-06 0.517
1.34991e-06 0.517
1.34991e-06 0.517
1.34991e-06 0.517
1.34991e-06 0.517
1.34991e-06 0.517
1.34991e-06 0.517
1.34991e-06 0.517
1.34991e-06 0.517
1.34991e-06 0.517
1.34991e-06 0.517
1.34991e-06 0.517
1.34991e-06 0.517
1.34991e-06 0.517
1.34991e-06 0.517
1.34991e-06 0.517
1.34991e-06 0.517
1.34991e-06 0.517
1.34991e-06 0.517
1.34991e-06 0.517
1.34991e-06 0.517
1.34991e-06 0.517
1.34991e-06 0.517
1.34991e-06 0.517
1.34991e-06 0.517
1.34991e-06 0.517
1.34991e-06 0.517
1.34991e-06 0.517
1.34991e-06 0.517
1.34991e-06 0.517
1.34991e-06 0.517
1.34991e-06 0.517
1.34991e-06 0.517
1.34991e-06 0.517
1.34991e-06 0.517
1.34991e-06 0.517
1.34991e-06 0.517
1.34991e-06 0.517
1.34991e-06 0.517
1.34991e-06 0.517
1.34991e-06 0.517
1.34991e-06 0.517
1.34991e-06 0.517
1.34991e-06 0.517
1.34991e-06 0.517
1.34991e-06 0.517
1.34991e-06 0.517
1.34991e-06 0.517
1.34991e-06 0.517
1.34991e-06 0.517
1.34991e-06 0.517
1.34991e-06 0.517
1.34991e-06 0.517
1.34991e-06 0.517
1.34991e-06 0.517
1.34991e-06 0.517
1.34991e-06 0.517
