0.0176869 0.52607
0.007565 0.52607
0.007565 0.52607
0.007565 0.52607
0.007565 0.52607
0.007565 0.52607
0.007565 0.52607
0.007565 0.52607
0.007565 0.52607
0.007565 0.52607
0.007565 0.52607
0.007565 0.52607
0.007565 0.52607
0.007565 0.52607
0.007565 0.52607
0.007565 0.52607
0.007565 0.52607
0.007565 0.52607
0.007565 0.52607
0.007565 0.52607
0.007565 0.52607
0.007565 0.52607
0.007565 0.52607
0.007565 0.52607
0.007565 0.52607
0.007565 0.52607
0.007565 0.52607
0.007565 0.52607
0.007565 0.52607
0.007565 0.52607
0.007565 0.52607
0.007565 0.52607
0.007565 0.52607
0.007565 0.52607
0.007565 0.52607
0.007565 0.52607
0.007565 0.52607
0.007565 0.52607
0.007565 0.52607
0.007565 0.52607
0.007565 0.52607
0.007565 0.52607
0.007565 0.52607
0.007565 0.52607
0.007565 0.52607
0.007565 0.52607
0.007565 0.52607
0.007565 0.52607
0.007565 0.52607
0.007565 0.52607
0.007565 0.52607
0.007565 0.52607
0.007565 0.52607
0.007565 0.52607
0.007565 0.52607
0.007565 0.52607
0.007565 0.52607
0.007565 0.52607
0.007565 0.52607
0.007565 0.52607
0.007565 0.52607
0.007565 0.52607
0.007565 0.52607
0.00245422 0.52607
0.00245422 0.52607
0.00245422 0.52607
0.00245422 0.52607
0.00245422 0.52607
0.00245422 0.52607
0.00245422 0.52607
0.00245422 0.52607
0.00245422 0.52607
0.00245422 0.52607
0.00245422 0.52607
0.00245422 0.52607
0.00245422 0.52607
0.00245422 0.52607
0.00245422 0.52607
0.00245422 0.52607
0.00245422 0.52607
0.00245422 0.52607
0.00245422 0.52607
0.00245422 0.52607
0.00245422 0.52607
0.00245422 0.52607
0.00245422 0.52607
0.00245422 0.52607
0.00245422 0.52607
0.00245422 0.52607
0.00245422 0.52607
0.00245422 0.52607
0.00245422 0.52607
0.00245422 0.52607
0.00245422 0.52607
0.00245422 0.52607
0.00245422 0.52607
0.00245422 0.52607
0.00245422 0.52607
0.00245422 0.52607
0.00245422 0.52607
