0.0453839 0.589763
0.0453839 0.589763
0.0449798 0.589763
0.0449798 0.587244
0.0449798 0.587244
0.0449798 0.587244
0.0449798 0.587244
0.0449798 0.587244
0.0449798 0.587244
0.0449798 0.587244
0.0227938 0.587244
0.0123234 0.587244
0.0123234 0.587244
0.0123234 0.587244
0.0123234 0.587244
0.0123234 0.587244
0.0123234 0.587244
0.0123234 0.587244
0.0123234 0.587244
0.0123234 0.587244
0.0123234 0.587244
0.0123234 0.587244
0.0123234 0.587244
0.0123234 0.587244
0.0123234 0.587244
0.0123234 0.587244
0.0123234 0.587244
0.0123234 0.579255
0.0123234 0.579255
0.0123234 0.579255
0.0123234 0.579255
0.0123234 0.579255
0.0123234 0.579255
0.0123234 0.579255
0.0123234 0.579255
0.0123234 0.579255
0.0123234 0.579255
0.0123234 0.568692
0.0123234 0.562147
0.0123234 0.562147
0.0123234 0.562147
0.0123234 0.562147
0.0123234 0.562147
0.0123234 0.562147
0.0123234 0.562147
0.0123234 0.562147
0.0123234 0.562147
0.0123234 0.562147
0.0123234 0.562147
0.0123234 0.562147
0.0123234 0.562147
0.0123234 0.562147
0.0123234 0.562147
0.0123234 0.562147
0.0123234 0.562147
0.0123234 0.562147
0.0123234 0.562147
0.0123234 0.562147
0.00702816 0.562147
0.00702816 0.562147
0.00702816 0.562147
0.00702816 0.562147
0.00702816 0.554108
0.00702816 0.554108
0.00702816 0.554108
0.00702816 0.554108
0.00702816 0.554108
0.00702816 0.554108
0.00702816 0.554108
0.00702816 0.554108
0.00702816 0.554108
0.00702816 0.53648
0.00702816 0.53648
0.00702816 0.53648
0.00702816 0.53648
0.00702816 0.53648
0.00702816 0.53648
0.00702816 0.53648
0.00702816 0.53648
0.00702816 0.53648
0.00702816 0.53648
0.00702816 0.53648
0.00702816 0.53648
0.00702816 0.53648
0.00702816 0.53648
0.00702816 0.53648
0.00702816 0.53648
0.00702816 0.53648
0.00702816 0.53648
0.00702816 0.53648
0.00702816 0.53648
0.00702816 0.53648
0.00702816 0.53648
0.00702816 0.53648
0.00702816 0.53648
0.00702816 0.53648
0.00702816 0.53648
0.00702816 0.53648
0.00702816 0.53648
0.00702816 0.53648
