0.022327 0.568709
0.022327 0.568709
0.022327 0.568709
0.022327 0.568709
0.022327 0.568709
0.022327 0.568709
0.022327 0.568709
0.022327 0.568709
0.022327 0.568709
0.0142142 0.568709
0.0142142 0.568709
0.0142142 0.568709
0.0142142 0.568709
0.0142142 0.568709
0.0142142 0.568709
0.0142142 0.568709
0.0142142 0.568709
0.0142142 0.568709
0.0142142 0.568709
0.0142142 0.568709
0.0142142 0.568709
0.0142142 0.568709
0.0142142 0.568709
0.010877 0.568709
0.010877 0.568709
0.010877 0.568709
0.010877 0.56437
0.010877 0.56437
0.010877 0.551258
0.010877 0.551258
0.010877 0.551258
0.00180274 0.551258
0.00180274 0.551258
0.00180274 0.551258
0.00180274 0.543229
0.00180274 0.543229
0.00180274 0.543229
0.00180274 0.543229
0.00180274 0.543229
0.00180274 0.543229
0.00180274 0.543229
0.00180274 0.543229
0.00180274 0.543229
0.00180274 0.543229
0.00180274 0.543229
0.00180274 0.543229
0.00180274 0.543229
0.00180274 0.543229
0.00180274 0.543229
0.00180274 0.543229
0.00180274 0.543229
0.00180274 0.543229
0.00180274 0.543229
0.00180274 0.543229
0.00180274 0.543229
0.00180274 0.543229
0.00180274 0.543229
0.00180274 0.543229
0.00180274 0.543229
0.00180274 0.543229
0.00180274 0.543229
0.00180274 0.543229
0.00180274 0.543229
0.00177805 0.543229
0.00177805 0.543229
0.00177805 0.543229
0.00177805 0.543229
0.00177805 0.543229
0.00177805 0.543229
0.00177805 0.543229
0.00177805 0.543229
0.00177805 0.543229
0.00177805 0.543229
0.00177805 0.543229
0.00177805 0.543229
0.00177805 0.543229
0.00177805 0.543229
0.00177805 0.543229
0.00177805 0.543229
0.00177805 0.543229
0.00177805 0.543229
0.00177805 0.543229
0.00177805 0.543229
0.00177805 0.543229
0.00177805 0.543229
0.00177805 0.543229
0.00177805 0.543229
0.00177805 0.543229
0.00177805 0.543229
0.00177805 0.543229
0.00177805 0.543229
0.00177805 0.543229
0.00177805 0.543229
0.00177805 0.543229
0.00177805 0.543229
0.00177805 0.543229
0.00177805 0.543229
0.00177805 0.543229
0.00177805 0.543229
0.00177805 0.543229
0.00177805 0.543229
0.00177805 0.541004
0.00177805 0.541004
0.00177805 0.541004
0.00177805 0.541004
0.00177805 0.541004
0.00177805 0.541004
0.00177805 0.541004
0.00177805 0.541004
0.00177805 0.541004
0.00177805 0.541004
0.00177805 0.541004
0.00177805 0.541004
0.00177805 0.541004
0.00177805 0.541004
0.00177805 0.541004
0.0010273 0.541004
0.0010273 0.541004
0.0010273 0.541004
0.0010273 0.541004
0.0010273 0.541004
0.0010273 0.541004
0.0010273 0.541004
0.0010273 0.541004
0.0010273 0.541004
0.0010273 0.541004
0.0010273 0.541004
0.0010273 0.541004
0.0010273 0.541004
0.0010273 0.541004
0.0010273 0.541004
0.0010273 0.541004
0.0010273 0.541004
0.0010273 0.541004
0.0010273 0.541004
0.0010273 0.532296
0.0010273 0.532296
0.0010273 0.532296
0.0010273 0.532296
0.0010273 0.532296
0.0010273 0.532296
0.0010273 0.532296
0.0010273 0.532296
0.0010273 0.532296
0.0010273 0.532296
0.0010273 0.532296
0.0010273 0.532296
0.0010273 0.532296
0.0010273 0.532296
0.0010273 0.532296
0.0010273 0.532296
0.0010273 0.532296
0.0010273 0.532296
0.0010273 0.532296
0.0010273 0.532296
0.0010273 0.532296
0.0010273 0.532296
0.0010273 0.532296
0.0010273 0.532296
0.0010273 0.532296
0.0010273 0.532296
0.0010273 0.532296
0.0010273 0.532296
0.0010273 0.532296
0.0010273 0.532296
0.0010273 0.532296
0.0010273 0.532296
0.0010273 0.532296
0.0010273 0.532296
0.0010273 0.532296
0.0010273 0.532296
0.0010273 0.532296
0.0010273 0.532296
0.0010273 0.532296
0.0010273 0.532296
0.0010273 0.532296
0.0010273 0.532296
0.0010273 0.532296
0.0010273 0.532296
0.0010273 0.532296
0.0010273 0.532296
0.0010273 0.532296
0.0010273 0.532296
0.0010273 0.532296
0.0010273 0.532296
0.0010273 0.532296
0.0010273 0.532296
0.0010273 0.532296
0.0010273 0.532296
0.0010273 0.532296
0.0010273 0.532296
0.0010273 0.532296
0.0010273 0.532296
0.0010273 0.532296
0.0010273 0.532296
0.0010273 0.532296
0.0010273 0.532296
0.0010273 0.532296
0.0010273 0.532296
0.0010273 0.532296
0.0010273 0.532296
0.0010273 0.532296
0.0010273 0.532296
0.000729027 0.532296
0.000729027 0.532296
0.000729027 0.532296
0.000729027 0.532296
0.000729027 0.532296
0.000729027 0.532296
0.000729027 0.532296
0.000729027 0.532296
0.000729027 0.532296
0.000729027 0.532296
0.000729027 0.532296
0.000729027 0.532296
0.000729027 0.532296
0.000729027 0.532296
0.000729027 0.532296
0.000729027 0.532296
0.000729027 0.532296
0.000729027 0.532296
0.000729027 0.532296
0.000729027 0.532296
0.000729027 0.532296
0.000729027 0.532296
0.000729027 0.532296
0.000729027 0.532296
0.000729027 0.532296
0.000729027 0.532296
0.000729027 0.532296
0.000729027 0.532296
0.000729027 0.532296
0.000729027 0.532296
0.000729027 0.532296
0.000729027 0.532296
0.000641069 0.532296
0.000641069 0.532296
0.000641069 0.532296
0.000641069 0.532296
0.000641069 0.532296
0.000641069 0.532296
0.000641069 0.532296
0.000641069 0.532296
0.000641069 0.532296
5.92466e-05 0.532296
5.92466e-05 0.532296
5.92466e-05 0.532296
5.92466e-05 0.532296
5.92466e-05 0.532296
5.92466e-05 0.532296
5.92466e-05 0.532296
5.92466e-05 0.532296
5.92466e-05 0.532296
5.92466e-05 0.528381
5.92466e-05 0.528381
5.92466e-05 0.528381
5.92466e-05 0.528381
5.92466e-05 0.528381
5.92466e-05 0.528381
5.92466e-05 0.528381
5.92466e-05 0.528381
5.92466e-05 0.528381
5.92466e-05 0.528381
5.92466e-05 0.528381
5.92466e-05 0.528381
5.92466e-05 0.528381
5.92466e-05 0.528381
5.92466e-05 0.528381
5.92466e-05 0.528381
5.92466e-05 0.528381
5.92466e-05 0.528381
5.92466e-05 0.528381
5.92466e-05 0.528381
5.92466e-05 0.528381
5.92466e-05 0.528381
5.92466e-05 0.528381
5.92466e-05 0.528381
5.92466e-05 0.528381
5.92466e-05 0.528381
5.92466e-05 0.528381
5.92466e-05 0.528381
5.92466e-05 0.528381
5.92466e-05 0.528381
5.92466e-05 0.528381
5.92466e-05 0.528381
5.92466e-05 0.528381
5.92466e-05 0.528381
5.92466e-05 0.528381
5.92466e-05 0.528381
5.92466e-05 0.528381
5.92466e-05 0.528381
5.92466e-05 0.528381
5.92466e-05 0.528381
5.92466e-05 0.528381
5.92466e-05 0.528381
5.92466e-05 0.523599
5.92466e-05 0.523599
5.92466e-05 0.523599
5.92466e-05 0.523599
5.92466e-05 0.523599
5.92466e-05 0.523599
5.92466e-05 0.523599
5.92466e-05 0.523599
5.92466e-05 0.523599
5.92466e-05 0.523599
5.92466e-05 0.523599
5.92466e-05 0.523599
5.92466e-05 0.523599
5.92466e-05 0.523599
5.92466e-05 0.523599
5.92466e-05 0.523599
5.92466e-05 0.523599
5.92466e-05 0.523599
5.92466e-05 0.523599
5.92466e-05 0.523599
5.92466e-05 0.523599
5.92466e-05 0.523599
5.92466e-05 0.523599
5.92466e-05 0.523599
5.92466e-05 0.523599
5.92466e-05 0.523599
5.92466e-05 0.523599
5.92466e-05 0.523599
5.92466e-05 0.523599
5.92466e-05 0.523599
5.92466e-05 0.523599
5.92466e-05 0.523599
5.92466e-05 0.523599
5.92466e-05 0.523599
5.92466e-05 0.523599
5.92466e-05 0.523599
5.92466e-05 0.523599
5.92466e-05 0.523599
5.92466e-05 0.523599
5.92466e-05 0.523599
5.92466e-05 0.523599
5.92466e-05 0.523599
5.92466e-05 0.523599
5.92466e-05 0.523599
5.92466e-05 0.523599
5.92466e-05 0.523599
5.92466e-05 0.523599
5.92466e-05 0.523599
5.92466e-05 0.523599
5.92466e-05 0.523599
5.92466e-05 0.523599
5.92466e-05 0.523599
5.92466e-05 0.523599
5.92466e-05 0.523599
5.92466e-05 0.523599
5.92466e-05 0.523599
5.92466e-05 0.523599
5.92466e-05 0.523599
5.92466e-05 0.523599
5.92466e-05 0.523599
5.92466e-05 0.523599
5.92466e-05 0.523599
5.92466e-05 0.523599
5.92466e-05 0.523599
5.92466e-05 0.523599
5.92466e-05 0.523599
5.92466e-05 0.523599
5.92466e-05 0.523599
5.92466e-05 0.523599
5.92466e-05 0.523599
5.92466e-05 0.523599
5.92466e-05 0.523599
5.92466e-05 0.523599
5.92466e-05 0.523599
5.92466e-05 0.523599
5.92466e-05 0.523599
5.92466e-05 0.523599
5.92466e-05 0.523599
5.92466e-05 0.523599
5.92466e-05 0.523599
5.92466e-05 0.523599
5.92466e-05 0.523599
5.92466e-05 0.523599
5.92466e-05 0.523599
5.92466e-05 0.523599
5.92466e-05 0.523599
5.92466e-05 0.523599
5.92466e-05 0.523599
5.92466e-05 0.523599
5.92466e-05 0.523599
5.92466e-05 0.523599
5.92466e-05 0.523599
5.92466e-05 0.523599
5.92466e-05 0.523599
5.92466e-05 0.523599
5.92466e-05 0.523599
5.92466e-05 0.523599
5.92466e-05 0.523599
5.92466e-05 0.523599
5.92466e-05 0.523599
5.92466e-05 0.523599
5.92466e-05 0.523599
5.92466e-05 0.523599
5.92466e-05 0.523599
5.92466e-05 0.523599
5.92466e-05 0.523599
5.92466e-05 0.523599
5.92466e-05 0.523599
5.92466e-05 0.523599
5.92466e-05 0.523599
5.92466e-05 0.523599
5.92466e-05 0.523599
5.92466e-05 0.522225
5.92466e-05 0.522225
5.92466e-05 0.522225
5.92466e-05 0.522225
5.92466e-05 0.50435
5.92466e-05 0.50435
5.92466e-05 0.50435
5.92466e-05 0.50435
5.92466e-05 0.50435
5.92466e-05 0.50435
5.92466e-05 0.50435
5.92466e-05 0.50435
5.92466e-05 0.50435
5.92466e-05 0.50435
5.92466e-05 0.50435
5.92466e-05 0.50435
5.92466e-05 0.50435
5.92466e-05 0.50435
5.92466e-05 0.50435
5.92466e-05 0.50435
5.92466e-05 0.50435
5.92466e-05 0.50435
5.92466e-05 0.50435
5.92466e-05 0.50435
5.92466e-05 0.50435
5.92466e-05 0.50435
5.92466e-05 0.50435
5.92466e-05 0.50435
5.92466e-05 0.50435
5.92466e-05 0.50435
5.92466e-05 0.50435
5.92466e-05 0.50435
5.92466e-05 0.50435
5.92466e-05 0.50435
5.92466e-05 0.50435
5.92466e-05 0.50435
5.92466e-05 0.50435
5.92466e-05 0.50435
5.92466e-05 0.50435
5.92466e-05 0.50435
5.92466e-05 0.50435
5.92466e-05 0.50435
5.92466e-05 0.50435
5.92466e-05 0.50435
5.92466e-05 0.50435
5.92466e-05 0.50435
5.92466e-05 0.50435
5.92466e-05 0.50435
5.92466e-05 0.50435
5.92466e-05 0.50435
5.92466e-05 0.50435
5.92466e-05 0.50435
5.92466e-05 0.50435
5.92466e-05 0.50435
5.92466e-05 0.50435
5.92466e-05 0.50435
5.92466e-05 0.50435
5.92466e-05 0.50435
5.92466e-05 0.50435
5.92466e-05 0.50435
5.92466e-05 0.50435
5.92466e-05 0.50435
5.92466e-05 0.50435
5.92466e-05 0.50435
5.92466e-05 0.50435
5.92466e-05 0.50435
5.92466e-05 0.50435
5.92466e-05 0.50435
5.92466e-05 0.50435
5.92466e-05 0.50435
5.92466e-05 0.50435
5.92466e-05 0.50435
5.92466e-05 0.50435
5.92466e-05 0.50435
5.92466e-05 0.50435
5.92466e-05 0.50435
5.92466e-05 0.50435
5.92466e-05 0.50435
5.92466e-05 0.50435
5.92466e-05 0.50435
5.92466e-05 0.50435
5.92466e-05 0.50435
5.92466e-05 0.50435
5.92466e-05 0.50435
5.92466e-05 0.50435
5.92466e-05 0.50435
5.92466e-05 0.50435
5.92466e-05 0.50435
5.92466e-05 0.50435
5.92466e-05 0.495045
5.92466e-05 0.495045
5.92466e-05 0.495045
5.92466e-05 0.495045
