0.0161718 0.56853
0.0161718 0.546484
0.0161718 0.546484
0.0161718 0.546484
0.0161718 0.546484
0.0161718 0.546484
0.0161718 0.546484
0.0161718 0.546484
0.0161718 0.546484
0.0161718 0.546484
0.0161718 0.546484
0.0161718 0.546484
0.0161718 0.546484
0.0161718 0.546484
0.0161718 0.538472
0.0161718 0.538472
0.0161718 0.538472
0.0161718 0.538472
0.0161718 0.538472
0.0161718 0.538472
0.0161718 0.538472
0.0161718 0.538472
0.0161718 0.538472
0.0161718 0.538472
0.0161718 0.538472
0.0161718 0.538472
0.0161718 0.538472
0.0161718 0.538472
0.00151493 0.538472
0.00151493 0.538472
0.00151493 0.538472
0.00151493 0.538472
0.00151493 0.538472
0.00151493 0.538472
0.00151493 0.538472
0.00151493 0.538472
0.00151493 0.538472
0.00151493 0.538472
0.00151493 0.538472
0.00151493 0.538472
0.00151493 0.538472
0.00151493 0.538472
0.00151493 0.538472
0.00103624 0.538472
0.00103624 0.538472
0.000618445 0.538472
0.000618445 0.538472
0.000618445 0.538472
0.000618445 0.538472
0.000618445 0.538472
0.000618445 0.538472
0.000618445 0.538472
0.000618445 0.538472
0.000618445 0.538472
0.000618445 0.538472
0.000618445 0.538472
0.000618445 0.538472
0.000618445 0.538472
0.000618445 0.538472
0.000618445 0.538472
0.000618445 0.538472
0.000618445 0.538472
0.000618445 0.538472
0.000618445 0.538472
0.000618445 0.538472
0.000618445 0.538472
0.000618445 0.538472
0.000618445 0.538472
0.000618445 0.538472
0.000618445 0.538472
0.000618445 0.538472
0.000618445 0.538472
0.000618445 0.538472
0.000618445 0.538472
0.000618445 0.538472
0.000618445 0.538472
0.000618445 0.538472
0.000618445 0.538472
0.000618445 0.538472
0.000618445 0.538472
0.000618445 0.538472
0.000618445 0.538472
0.000618445 0.538472
0.000618445 0.538472
0.000618445 0.538472
0.000618445 0.538472
0.000618445 0.536098
0.000618445 0.536098
0.000618445 0.536098
0.000618445 0.536098
0.000618445 0.536098
0.000618445 0.536098
0.000618445 0.536098
0.000618445 0.536098
0.000618445 0.536098
0.000618445 0.536098
0.000618445 0.536098
0.000618445 0.536098
0.000618445 0.536098
0.000618445 0.536098
0.000618445 0.536098
0.000618445 0.536098
0.000618445 0.536098
0.000618445 0.536098
0.000618445 0.536098
0.000618445 0.536098
0.000618445 0.536098
0.000618445 0.536098
0.000618445 0.536098
0.000618445 0.536098
0.000618445 0.536098
0.000618445 0.536098
0.000618445 0.536098
0.000618445 0.536098
0.000618445 0.536098
0.000618445 0.536098
0.000618445 0.536098
0.000618445 0.536098
0.000618445 0.536098
0.000475985 0.536098
0.000475985 0.536098
0.000475985 0.536098
0.000475985 0.536098
0.000475985 0.536098
0.000475985 0.536098
0.000475985 0.536098
0.000475985 0.536098
0.000475985 0.536098
0.000475985 0.536098
0.000475985 0.536098
0.000475985 0.536098
0.000475985 0.536098
0.000475985 0.536098
0.000475985 0.536098
0.000475985 0.536098
0.000475985 0.536098
0.000475985 0.536098
0.000475985 0.536098
0.000475985 0.536098
0.000475985 0.536098
0.000475985 0.536098
0.000110469 0.536098
0.000110469 0.536098
0.000110469 0.536098
0.000110469 0.536098
0.000110469 0.536098
0.000110469 0.536098
0.000110469 0.536098
0.000110469 0.536098
0.000110469 0.536098
0.000110469 0.536098
0.000110469 0.536098
0.000110469 0.536098
0.000110469 0.536098
0.000110469 0.536098
0.000110469 0.536098
0.000110469 0.536098
0.000110469 0.536098
0.000110469 0.536098
0.000110469 0.536098
0.000110469 0.536098
0.000110469 0.536098
0.000110469 0.536098
0.000110469 0.536098
0.000110469 0.536098
0.000110469 0.536098
0.000110469 0.536098
0.000110469 0.536098
0.000110469 0.536098
0.000110469 0.536098
0.000110469 0.536098
0.000110469 0.536098
0.000110469 0.536098
0.000110469 0.536098
0.000110469 0.536098
0.000110469 0.536098
0.000110469 0.536098
0.000110469 0.536098
0.000110469 0.536098
0.000110469 0.536098
0.000110469 0.536098
0.000110469 0.536098
0.000110469 0.536098
0.000110469 0.536098
0.000110469 0.536098
0.000110469 0.536098
0.000110469 0.536098
0.000110469 0.536098
0.000110469 0.536098
0.000110469 0.536098
0.000110469 0.536098
0.000110469 0.536098
0.000110469 0.536098
0.000110469 0.536098
0.000110469 0.536098
0.000110469 0.536098
0.000110469 0.536098
0.000110469 0.536098
0.000110469 0.536098
0.000110469 0.536098
0.000110469 0.536098
0.000110469 0.536098
0.000110469 0.536098
0.000110469 0.536098
0.000110469 0.536098
0.000110469 0.536098
0.000110469 0.536098
0.000110469 0.536098
0.000110469 0.536098
0.000110469 0.536098
0.000110469 0.536098
0.000110469 0.536098
0.000110469 0.536098
0.000110469 0.536098
0.000110469 0.536098
0.000110469 0.536098
0.000110469 0.536098
0.000110469 0.536098
0.000110469 0.536098
0.000110469 0.536098
0.000110469 0.536098
0.000110469 0.536098
0.000110469 0.536098
0.000110469 0.536098
0.000110469 0.536098
0.000110469 0.536098
0.000110469 0.536098
0.000110469 0.536098
0.000110469 0.536098
0.000110469 0.536098
0.000110469 0.536098
0.000110469 0.536098
0.000110469 0.536098
0.000110469 0.536098
0.000110469 0.536098
0.000110469 0.536098
0.000110469 0.536098
0.000110469 0.536098
0.000110469 0.536098
0.000110469 0.536098
0.000110469 0.536098
0.000110469 0.536098
0.000110469 0.536098
0.000110469 0.536098
0.000110469 0.536098
0.000110469 0.536098
0.000110469 0.536098
0.000110469 0.536098
0.000110469 0.536098
0.000110469 0.536098
0.000110469 0.536098
0.000110469 0.536098
0.000110469 0.536098
0.000110469 0.536098
0.000110469 0.536098
0.000110469 0.536098
0.000110469 0.536098
0.000110469 0.536098
0.000110469 0.536098
0.000110469 0.536098
0.000110469 0.536098
0.000110469 0.536098
0.000110469 0.536098
0.000110469 0.536098
0.000110469 0.536098
0.000110469 0.536098
0.000110469 0.497957
0.000110469 0.497957
0.000110469 0.497957
0.000110469 0.497957
0.000110469 0.497957
0.000110469 0.497957
0.000110469 0.497957
0.000110469 0.497957
0.000110469 0.497957
0.000110469 0.497957
0.000110469 0.497957
0.000110469 0.497957
0.000110469 0.497957
0.000110469 0.482886
0.000110469 0.482886
0.000110469 0.482886
0.000110469 0.482886
0.000110469 0.482886
0.000110469 0.482886
0.000110469 0.482886
0.000110469 0.482886
0.000110469 0.482886
0.000110469 0.482886
0.000110469 0.482886
0.000110469 0.482886
0.000110469 0.482886
0.000110469 0.482886
0.000110469 0.482886
0.000110469 0.482886
0.000110469 0.482886
0.000110469 0.482886
0.000110469 0.482886
0.000110469 0.482886
0.000110469 0.482886
0.000110469 0.482886
0.000110469 0.482886
0.000110469 0.482886
0.000110469 0.482886
0.000110469 0.482886
0.000110469 0.482886
0.000110469 0.482886
0.000110469 0.482886
0.000110469 0.482886
0.000110469 0.482886
0.000110469 0.482886
0.000110469 0.482886
0.000110469 0.482886
0.000110469 0.482886
0.000110469 0.482886
0.000110469 0.482886
0.000110469 0.482886
0.000110469 0.482886
0.000110469 0.482886
0.000110469 0.482886
0.000110469 0.482886
0.000110469 0.482886
0.000110469 0.482886
0.000110469 0.482886
0.000110469 0.482886
0.000110469 0.482886
0.000110469 0.482886
0.000110469 0.482886
0.000110469 0.482886
0.000110469 0.482886
0.000110469 0.482886
0.000110469 0.482886
0.000110469 0.482886
0.000110469 0.482886
0.000110469 0.482886
0.000110469 0.482886
0.000110469 0.482886
0.000110469 0.482886
0.000110469 0.482886
0.000110469 0.482886
0.000110469 0.482886
0.000110469 0.482886
0.000110469 0.482886
0.000110469 0.482886
0.000110469 0.482886
0.000110469 0.482886
0.000110469 0.482886
0.000110469 0.482886
0.000110469 0.482886
0.000110469 0.482886
0.000110469 0.482886
0.000110469 0.473903
0.000110469 0.473903
0.000110469 0.473903
0.000110469 0.469605
0.000110469 0.466831
0.000110469 0.466831
0.000110469 0.466831
0.000110469 0.466831
0.000110469 0.466831
0.000110469 0.466831
0.000110469 0.466831
0.000110469 0.46034
0.000110469 0.46034
0.000110469 0.46034
0.000110469 0.457577
0.000110469 0.457359
0.000110469 0.457359
0.000110469 0.456533
0.000110469 0.451844
0.000110469 0.451844
0.000110469 0.451844
0.000110469 0.451844
0.000110469 0.446549
0.000110469 0.446549
0.000110469 0.446549
0.000110469 0.446549
0.000110469 0.446549
0.000110469 0.446549
0.000110469 0.446549
0.000110469 0.414792
0.000110469 0.414792
0.000110469 0.414792
0.000110469 0.414792
0.000110469 0.414792
0.000110469 0.414792
0.000110469 0.414792
0.000110469 0.414792
0.000110469 0.414792
0.000110469 0.414792
0.000110469 0.414792
0.000110469 0.414792
0.000110469 0.414792
0.000110469 0.414792
0.000110469 0.398293
0.000110469 0.398293
0.000110469 0.398293
0.000110469 0.398293
0.000110469 0.398293
0.000110469 0.398293
0.000110469 0.398293
0.000110469 0.398293
0.000110469 0.398293
0.000110469 0.398293
0.000110469 0.398293
0.000110469 0.398293
0.000110469 0.398293
0.000110469 0.398293
0.000110469 0.398293
0.000110469 0.398293
0.000110469 0.398293
0.000110469 0.398293
0.000110469 0.398293
0.000110469 0.398293
0.000110469 0.398293
0.000110469 0.398293
0.000110469 0.398293
0.000110469 0.398293
0.000110469 0.398293
0.000110469 0.398293
0.000110469 0.398293
0.000110469 0.398293
0.000110469 0.398293
0.000110469 0.398293
0.000110469 0.398293
0.000110469 0.398293
0.000110469 0.398293
0.000110469 0.398293
0.000110469 0.398293
0.000110469 0.398293
0.000110469 0.398293
0.000110469 0.398293
0.000110469 0.398293
0.000110469 0.398293
0.000110469 0.398293
0.000110469 0.398293
0.000110469 0.398293
0.000110469 0.398293
0.000110469 0.398293
0.000110469 0.398293
0.000110469 0.398293
0.000110469 0.398293
0.000110469 0.398293
0.000110469 0.398293
0.000110469 0.398293
0.000110469 0.398293
0.000110469 0.398293
0.000110469 0.398293
0.000110469 0.398293
0.000110469 0.398293
0.000110469 0.398293
0.000110469 0.398293
0.000110469 0.398293
0.000110469 0.398293
0.000110469 0.398293
0.000110469 0.398293
0.000110469 0.398293
0.000110469 0.398293
0.000110469 0.39773
0.000110469 0.39773
0.000110469 0.39773
0.000110469 0.39773
0.000110469 0.39773
0.000110469 0.39773
0.000110469 0.39773
0.000110469 0.39773
0.000110469 0.39773
0.000110469 0.39773
0.000110469 0.39773
0.000110469 0.39773
0.000110469 0.39773
0.000110469 0.39773
0.000110469 0.388029
0.000110469 0.388029
0.000110469 0.388029
0.000110469 0.388029
0.000110469 0.388029
0.000110469 0.388029
0.000110469 0.388029
0.000110469 0.388029
0.000110469 0.388029
0.000110469 0.388029
0.000110469 0.388029
0.000110469 0.388029
0.000110469 0.388029
0.000110469 0.388029
0.000110469 0.388029
0.000110469 0.388029
0.000110469 0.388029
0.000110469 0.388029
0.000110469 0.362344
0.000110469 0.362344
0.000110469 0.362344
0.000110469 0.362344
0.000110469 0.362344
0.000110469 0.362344
0.000110469 0.362344
0.000110469 0.362344
0.000110469 0.362344
0.000110469 0.362344
