0.0154343 0.580792
0.0154343 0.572311
0.0154343 0.572311
0.0154343 0.572311
0.0154343 0.541805
0.0154343 0.541805
0.0154343 0.541805
0.0154343 0.541805
0.0154343 0.541805
0.0154343 0.541805
0.0154343 0.541805
0.012801 0.541805
0.012801 0.541805
0.012801 0.541805
0.012801 0.541805
0.012801 0.541805
0.012801 0.541805
0.012801 0.541805
0.012801 0.541805
0.012801 0.541805
0.012801 0.541805
0.012801 0.541805
0.012801 0.541805
0.012801 0.541805
0.012801 0.541805
0.012801 0.541805
0.012801 0.541805
0.012801 0.541805
0.012801 0.541805
0.012801 0.541805
0.012801 0.541805
0.012801 0.541805
0.012801 0.541805
0.012801 0.541805
0.012801 0.541805
0.012801 0.541805
0.012801 0.541805
0.012801 0.541805
0.00852206 0.541805
0.00852206 0.541805
0.00852206 0.541805
0.00852206 0.541805
0.00852206 0.541805
0.00852206 0.541805
0.00852206 0.541805
0.00852206 0.541805
0.00852206 0.541805
0.00852206 0.541805
0.00852206 0.541805
0.000156809 0.541805
0.000156809 0.541805
0.000156809 0.541805
0.000156809 0.541805
0.000156809 0.541805
0.000156809 0.541805
0.000156809 0.541805
0.000156809 0.541805
0.000156809 0.541805
0.000156809 0.541805
0.000156809 0.541805
0.000156809 0.541805
0.000156809 0.541805
0.000156809 0.541805
0.000156809 0.541805
0.000156809 0.541805
0.000156809 0.541805
0.000156809 0.541805
0.000156809 0.541805
0.000156809 0.541805
0.000156809 0.541805
0.000156809 0.541805
0.000156809 0.541805
0.000156809 0.541805
0.000156809 0.541805
0.000156809 0.541805
0.000156809 0.541805
0.000156809 0.541805
0.000156809 0.541805
0.000156809 0.541805
0.000156809 0.541805
0.000156809 0.541805
0.000156809 0.541805
0.000156809 0.541805
0.000156809 0.541805
0.000156809 0.541805
0.000156809 0.541805
0.000156809 0.541805
0.000156809 0.541805
0.000156809 0.541805
0.000156809 0.541805
0.000156809 0.541805
0.000156809 0.541805
0.000156809 0.541805
0.000156809 0.541805
0.000156809 0.541805
0.000156809 0.541805
0.000156809 0.541805
0.000156809 0.541805
0.000156809 0.541805
0.000156809 0.541805
0.000156809 0.541805
0.000156809 0.541805
0.000156809 0.541805
0.000156809 0.541805
0.000156809 0.541805
0.000156809 0.541805
0.000156809 0.541805
0.000156809 0.541805
0.000156809 0.541805
0.000156809 0.541805
0.000156809 0.541805
0.000156809 0.541805
0.000156809 0.541805
0.000156809 0.541805
0.000156809 0.541805
0.000156809 0.537959
0.000156809 0.537959
0.000156809 0.537959
0.000156809 0.537959
0.000156809 0.537959
0.000156809 0.537959
0.000156809 0.537959
0.000156809 0.537959
0.000156809 0.537959
0.000156809 0.537959
0.000156809 0.537959
0.000156809 0.537959
0.000156809 0.537959
0.000156809 0.537959
0.000156809 0.537959
0.000156809 0.537959
0.000156809 0.537959
0.000156809 0.537959
0.000156809 0.537959
0.000156809 0.537959
0.000156809 0.537959
0.000156809 0.537959
0.000156809 0.537959
0.000156809 0.537959
0.000156809 0.537959
0.000156809 0.537959
0.000156809 0.537959
0.000156809 0.537959
0.000156809 0.537959
0.000156809 0.537959
0.000156809 0.537959
0.000156809 0.537959
0.000156809 0.537959
0.000156809 0.537959
0.000156809 0.537959
0.000156809 0.537959
0.000156809 0.537959
0.000156809 0.537959
0.000156809 0.537959
0.000156809 0.537959
0.000156809 0.537959
0.000156809 0.537959
0.000156809 0.537959
0.000156809 0.537959
0.000156809 0.537959
0.000156809 0.537959
0.000156809 0.537959
0.000156809 0.537959
0.000156809 0.537959
0.000156809 0.537959
0.000156809 0.537959
0.000156809 0.537959
0.000156809 0.537959
0.000156809 0.537959
0.000156809 0.537959
0.000156809 0.537959
0.000156809 0.537959
0.000156809 0.537959
0.000156809 0.537959
0.000156809 0.537959
0.000156809 0.537959
0.000156809 0.537959
0.000156809 0.537959
0.000156809 0.537959
0.000156809 0.537959
0.000156809 0.537959
0.000156809 0.537959
0.000156809 0.537959
0.000156809 0.537959
0.000156809 0.537959
0.000156809 0.537959
0.000156809 0.537959
0.000156809 0.537959
0.000156809 0.537959
0.000156809 0.537959
0.000156809 0.537959
0.000156809 0.537959
0.000156809 0.537959
0.000156809 0.537959
0.000156809 0.537959
0.000156809 0.537959
0.000156809 0.537959
0.000156809 0.537959
0.000156809 0.537959
0.000156809 0.537959
0.000156809 0.537959
0.000156809 0.537959
0.000156809 0.537959
0.000156809 0.537959
0.000156809 0.537959
0.000156809 0.537959
0.000156809 0.537959
0.000156809 0.537959
0.000156809 0.537959
0.000156809 0.537959
0.000156809 0.537959
0.000156809 0.537959
0.000156809 0.537959
0.000156809 0.537959
0.000156809 0.537959
0.000156809 0.537959
0.000156809 0.537959
0.000156809 0.537959
0.000156809 0.537959
0.000156809 0.537959
0.000156809 0.537959
0.000156809 0.537959
0.000156809 0.537959
0.000156809 0.537959
0.000156809 0.537959
0.000156809 0.537959
0.000156809 0.537959
0.000156809 0.537959
0.000156809 0.537959
0.000156809 0.537959
0.000156809 0.537959
0.000156809 0.537959
0.000156809 0.537959
0.000156809 0.537959
0.000156809 0.537959
0.000156809 0.537959
0.000156809 0.537959
0.000156809 0.537959
0.000156809 0.537959
0.000156809 0.537959
0.000156809 0.537959
0.000156809 0.537959
0.000156809 0.537959
0.000156809 0.537959
0.000156809 0.537959
0.000156809 0.537959
0.000156809 0.537959
0.000156809 0.537959
0.000156809 0.537959
0.000156809 0.537959
0.000156809 0.537959
0.000156809 0.537959
0.000156809 0.537959
0.000156809 0.537959
0.000156809 0.537959
0.000156809 0.537959
0.000156809 0.537959
0.000156809 0.537959
0.000156809 0.537959
0.000156809 0.537959
0.000156809 0.537959
0.000156809 0.537959
0.000156809 0.537959
0.000156809 0.537959
0.000156809 0.537959
0.000156809 0.537959
0.000156809 0.537959
0.000156809 0.537959
0.000156809 0.537959
0.000156809 0.537959
0.000156809 0.537959
0.000156809 0.537959
0.000156809 0.537959
0.000156809 0.537959
0.000156809 0.537959
0.000156809 0.537959
0.000156809 0.537959
0.000156809 0.537959
0.000156809 0.537959
0.000156809 0.537959
0.000156809 0.537959
0.000156809 0.537959
0.000156809 0.537959
0.000156809 0.537959
0.000156809 0.537959
0.000156809 0.537959
0.000156809 0.537959
0.000156809 0.537959
0.000156809 0.537959
0.000156809 0.537959
0.000156809 0.537959
0.000156809 0.537959
0.000156809 0.537959
0.000156809 0.537959
0.000156809 0.537959
0.000156809 0.537959
0.000156809 0.537959
0.000156809 0.537959
0.000156809 0.537959
0.000156809 0.537959
