0.00526324 0.559308
0.00526324 0.559308
0.00526324 0.559308
0.00526324 0.559308
0.00526324 0.559308
0.00526324 0.559308
0.00526324 0.559308
0.00526324 0.559308
0.00526324 0.559308
0.00526324 0.559308
0.00526324 0.559308
0.0020021 0.559308
0.0020021 0.559308
0.0020021 0.555168
0.0020021 0.555168
0.0020021 0.555168
0.0020021 0.555168
0.0020021 0.555168
0.0020021 0.555168
0.0017381 0.555168
0.0017381 0.555168
0.0017381 0.555168
0.0017381 0.555168
0.0017381 0.555168
0.0017381 0.555168
0.0017381 0.555168
0.0017381 0.553186
0.0017381 0.553186
0.0017381 0.508931
0.0017381 0.508931
0.0017381 0.508931
0.0017381 0.508931
0.0017381 0.508931
0.0017381 0.508931
0.0017381 0.508931
0.0017381 0.508931
0.0017381 0.508931
0.0017381 0.508931
0.0017381 0.508931
0.0017381 0.508931
0.0017381 0.508931
0.0017381 0.508931
0.0017381 0.508931
0.0017381 0.508931
0.0017381 0.508931
0.0017381 0.508931
0.0017381 0.508931
0.0017381 0.508931
0.0017381 0.508931
0.0017381 0.508931
0.0017381 0.508931
0.0017381 0.508931
0.0017381 0.508931
0.0017381 0.508931
0.0017381 0.508931
0.0017381 0.508931
0.0017381 0.508931
0.0017381 0.508931
0.0017381 0.508931
0.0017381 0.508931
0.0017381 0.508931
0.0017381 0.508931
0.0017381 0.508931
0.0017381 0.508931
0.0017381 0.508931
0.0017381 0.508931
0.0017381 0.508931
0.0017381 0.508931
0.0017381 0.508931
0.0017381 0.508931
0.0017381 0.508931
0.0017381 0.508931
0.0017381 0.508931
0.0017381 0.508931
0.0017381 0.508931
0.0017381 0.508931
0.0017381 0.508931
0.0017381 0.508931
0.0017381 0.508931
0.0017381 0.508931
0.0017381 0.508931
0.0017381 0.508931
0.0017381 0.508931
0.0017381 0.508931
0.0017381 0.508931
0.0017381 0.508931
0.0017381 0.508931
0.0017381 0.508931
0.0017381 0.508931
0.0017381 0.508931
0.0017381 0.508931
0.0017381 0.508931
0.0017381 0.508931
0.0017381 0.508931
0.0017381 0.508931
0.0017381 0.508931
0.0017381 0.508931
0.0017381 0.508931
0.0017381 0.508931
0.0017381 0.508931
0.0017381 0.508931
0.0017381 0.508931
0.0017381 0.508931
0.00161809 0.508931
0.00161809 0.508931
0.00161809 0.508931
0.00161809 0.508931
0.00161809 0.508931
0.00161809 0.508931
0.00161809 0.508931
0.00161809 0.508931
0.00161809 0.508931
0.00161809 0.508931
0.00161809 0.508931
0.00161809 0.508931
0.00161809 0.508931
0.00161809 0.508931
0.00161809 0.508931
0.00161809 0.508931
0.00161809 0.508931
0.00161809 0.508931
0.00161809 0.508931
0.00161809 0.508931
0.00161809 0.508931
0.00161809 0.508931
0.00161809 0.508931
0.00161809 0.508931
0.00161809 0.508931
0.00161809 0.508931
0.00161809 0.508931
0.00161809 0.508931
0.00161809 0.508931
0.00161809 0.508931
0.00161809 0.508931
0.00161809 0.508931
0.00161809 0.508931
0.00161809 0.508931
0.00161809 0.508931
0.00161809 0.508931
0.00161809 0.508931
0.00161809 0.508931
0.00161809 0.508931
0.00161809 0.508931
0.00161809 0.508931
0.00161809 0.508931
0.00161809 0.508931
0.00161809 0.508931
0.00161809 0.508931
0.00161809 0.508931
0.00161809 0.508931
0.00161809 0.508931
0.00161809 0.508931
0.00161809 0.508931
0.00161809 0.508931
0.00161809 0.508931
0.00161809 0.508931
0.00161809 0.508931
0.00161809 0.508931
0.00161809 0.508931
0.00161809 0.508931
0.00161809 0.508931
0.00161809 0.508931
0.00161809 0.508931
0.00161809 0.508931
0.00161809 0.508931
0.00161809 0.508931
0.00161809 0.508931
0.00161809 0.508931
0.00161809 0.508931
0.00161809 0.508931
0.00161809 0.508931
0.00161809 0.508931
0.00161809 0.508931
0.00161809 0.508931
0.00161809 0.508931
0.00161809 0.508931
0.00161809 0.508931
0.00161809 0.508931
0.00161809 0.508931
0.00161809 0.508931
0.00161809 0.508931
0.00161809 0.508931
0.00161809 0.508931
0.00161809 0.508931
0.00161809 0.508931
0.00161809 0.508931
0.00161809 0.508931
0.00161809 0.508931
0.00161809 0.508931
0.00161809 0.508931
0.00161809 0.508931
0.00161809 0.508931
0.00161809 0.508931
0.00161809 0.508931
0.00161809 0.508931
0.00161809 0.508931
0.00161809 0.508931
0.00161809 0.508931
0.00161809 0.508931
0.00161809 0.508931
0.00161809 0.508931
0.00161809 0.508931
0.00161809 0.508931
0.00161809 0.508931
0.00161809 0.508931
0.00161809 0.508931
0.000824722 0.508931
0.000824722 0.508931
0.000824722 0.508931
0.000824722 0.508931
0.000824722 0.508931
0.000824722 0.508931
0.000824722 0.508931
0.000824722 0.508931
0.000824722 0.508931
0.000824722 0.508931
0.000824722 0.508931
0.000824722 0.508931
0.000824722 0.508931
0.000824722 0.508931
0.000824722 0.508931
0.000824722 0.508931
0.000824722 0.508931
0.000824722 0.508931
0.000824722 0.508931
0.000824722 0.508931
0.000824722 0.508931
0.000824722 0.508931
0.000824722 0.508931
0.000824722 0.508931
0.000824722 0.508931
0.000824722 0.508931
0.000824722 0.508931
0.000824722 0.508931
0.000824722 0.508931
0.000824722 0.508931
0.000824722 0.508931
0.000824722 0.508931
0.000824722 0.508931
0.000824722 0.508931
0.000824722 0.508931
0.000824722 0.508931
0.000824722 0.508931
0.000824722 0.508931
0.000824722 0.508931
0.000824722 0.508931
0.000824722 0.508931
0.000824722 0.508931
0.000824722 0.508931
0.000824722 0.508931
0.000824722 0.508931
0.000824722 0.508931
0.000824722 0.508931
0.000824722 0.508931
0.000824722 0.508931
0.000824722 0.508931
0.000824722 0.508931
0.000824722 0.508931
0.000824722 0.508931
0.000824722 0.508931
0.000824722 0.508931
0.000824722 0.508931
0.000824722 0.508931
0.000824722 0.508931
0.000583634 0.508931
0.000583634 0.508931
0.000583634 0.508931
0.000583634 0.508931
0.000583634 0.508931
0.000583634 0.508931
0.000583634 0.508931
0.000583634 0.508931
0.000583634 0.508931
0.000583634 0.508931
0.000583634 0.508931
0.000583634 0.508931
0.000583634 0.508931
0.000583634 0.508931
0.000583634 0.508931
0.000583634 0.508931
0.000583634 0.508931
0.000583634 0.508931
0.000583634 0.508931
0.000583634 0.508931
0.000583634 0.508931
0.000583634 0.508931
0.000583634 0.508931
0.000583634 0.508931
0.000583634 0.508931
0.000583634 0.508931
0.000583634 0.508931
0.000583634 0.508931
0.000583634 0.508931
0.000583634 0.508931
0.000583634 0.508931
0.000583634 0.508931
0.000583634 0.508931
0.000583634 0.508931
0.000583634 0.508931
0.000583634 0.508931
0.000583634 0.508931
0.000583634 0.508931
0.000583634 0.508931
0.000583634 0.508931
0.000583634 0.508931
0.000583634 0.508931
0.000583634 0.508931
0.000583634 0.508931
0.000583634 0.508931
0.000583634 0.508931
0.000583634 0.508931
0.000583634 0.508931
0.000583634 0.508931
0.000583634 0.508931
0.000583634 0.508931
0.000583634 0.508931
0.000583634 0.508931
0.000583634 0.508931
0.000583634 0.508931
0.000583634 0.508931
0.000583634 0.508931
0.000583634 0.508931
0.000583634 0.508931
0.000583634 0.508931
0.000583634 0.508931
0.000583634 0.508931
0.000583634 0.508931
0.000583634 0.508931
0.000583634 0.508931
0.000583634 0.508931
0.000583634 0.508931
0.000484808 0.508931
0.000484808 0.508931
0.000484808 0.508931
0.000484808 0.508931
0.000484808 0.508931
0.000484808 0.508931
0.000484808 0.508931
0.000484808 0.508931
0.000484808 0.508931
0.000484808 0.508931
0.000484808 0.508931
0.000484808 0.508931
0.000484808 0.508931
0.000484808 0.508931
0.000484808 0.508931
0.000484808 0.508931
0.000484808 0.508931
0.000484808 0.508931
0.000484808 0.508931
0.000484808 0.508931
0.000484808 0.508931
0.000484808 0.508931
0.000484808 0.508931
0.000484808 0.508931
0.000484808 0.508931
0.000484808 0.508931
0.000484808 0.508931
0.000484808 0.508931
0.000484808 0.508931
0.000484808 0.508931
0.000484808 0.508931
0.000484808 0.508931
0.000484808 0.508931
0.000484808 0.508931
0.000484808 0.508931
0.000484808 0.508931
0.000484808 0.508931
0.000484808 0.508931
0.000484808 0.508931
0.000484808 0.508931
0.000484808 0.508931
0.000484808 0.508931
0.000484808 0.508931
0.000484808 0.508931
0.000484808 0.508931
0.000484808 0.508931
0.000484808 0.508931
0.000484808 0.508931
0.000484808 0.508931
0.000484808 0.508931
0.000484808 0.508931
0.000484808 0.508931
0.000484808 0.508931
0.000484808 0.508931
0.000484808 0.508931
0.000484808 0.508931
0.000484808 0.508931
0.000484808 0.508931
0.000484808 0.508931
0.000484808 0.508931
0.000484808 0.508931
0.000484808 0.508931
0.000484808 0.508931
0.000484808 0.508931
0.000484808 0.508931
0.000484808 0.508931
0.000484808 0.508931
0.000484808 0.508931
0.000484808 0.508931
0.000484808 0.508931
0.000484808 0.508931
0.000484808 0.508931
0.000303383 0.508931
0.000303383 0.508931
0.000303383 0.508931
0.000303383 0.508931
0.000303383 0.508931
0.000303383 0.508931
0.000303383 0.508931
0.000303383 0.508931
0.000303383 0.508931
0.000303383 0.508931
0.000303383 0.508931
0.000303383 0.508931
0.000303383 0.508931
0.000303383 0.508931
0.000303383 0.508931
0.000303383 0.508931
0.000303383 0.508931
0.000303383 0.508931
0.000303383 0.508931
0.000303383 0.508931
0.000303383 0.508931
0.000303383 0.508931
0.000303383 0.508931
0.000303383 0.508931
0.000303383 0.508931
0.000303383 0.508931
0.000303383 0.508931
0.000303383 0.508931
0.000303383 0.508931
0.000303383 0.508931
0.000303383 0.508931
0.000303383 0.508931
0.000303383 0.508931
0.000303383 0.508931
0.000303383 0.508931
0.000303383 0.508931
0.000303383 0.508931
0.000303383 0.508931
0.000303383 0.508931
0.000303383 0.508931
0.000303383 0.508931
0.000303383 0.508931
0.000303383 0.502104
0.000303383 0.502104
0.000303383 0.502104
0.000303383 0.502104
0.000303383 0.502104
0.000303383 0.502104
0.000303383 0.502104
0.000303383 0.502104
0.000303383 0.502104
0.000303383 0.502037
0.000303383 0.502037
0.000303383 0.502037
0.000303383 0.502037
0.000303383 0.502037
0.000303383 0.502037
0.000303383 0.502037
0.000303383 0.502037
0.000303383 0.502037
0.000303383 0.502037
0.000303383 0.502037
0.000303383 0.502037
0.000303383 0.502037
0.000303383 0.502037
0.000303383 0.502037
0.000303383 0.502037
0.000303383 0.502037
0.000303383 0.502037
0.000303383 0.494259
0.000303383 0.494259
0.000303383 0.494259
0.000303383 0.494259
0.000303383 0.494259
0.000303383 0.494259
0.000303383 0.494259
0.000303383 0.494259
0.000303383 0.494259
0.000303383 0.494259
0.000303383 0.494259
0.000303383 0.494259
0.000303383 0.494259
0.000303383 0.494259
0.000303383 0.494259
0.000303383 0.494259
0.000303383 0.494259
0.000303383 0.494259
0.000303383 0.494259
0.000303383 0.494259
0.000303383 0.494259
0.000303383 0.494259
0.000303383 0.494259
0.000303383 0.494259
0.000303383 0.494259
0.000303383 0.494259
0.000303383 0.494259
0.000303383 0.494259
0.000303383 0.494259
