0.0380944 0.568918
0.0247952 0.568918
0.0247952 0.568918
0.0247952 0.556928
0.0247952 0.556928
0.0247952 0.556928
0.0247952 0.556928
0.0247952 0.556928
0.0247952 0.556928
0.0247952 0.556928
0.0247952 0.556928
0.0247952 0.556928
0.0247952 0.556928
0.00246282 0.556928
0.00246282 0.556928
0.00246282 0.54383
0.00246282 0.54383
0.00246282 0.54383
0.00246282 0.54383
0.00246282 0.54383
0.00246282 0.54383
0.00246282 0.54383
0.00246282 0.54383
0.00246282 0.54383
0.00246282 0.54383
0.00246282 0.54383
0.00246282 0.54383
0.00246282 0.54383
0.00246282 0.54383
0.00246282 0.54383
0.00246282 0.54383
0.0020238 0.54383
0.0020238 0.54383
0.0020238 0.54383
0.0020238 0.54383
0.0020238 0.54383
0.0020238 0.54383
0.0020238 0.54383
0.0020238 0.54383
0.0020238 0.54383
0.0020238 0.54383
0.0020238 0.54383
0.0020238 0.54383
0.0020238 0.54383
0.0020238 0.54383
0.0020238 0.54383
0.0020238 0.54383
0.0020238 0.54383
0.0020238 0.54383
0.0020238 0.54383
0.0020238 0.54383
0.0020238 0.54383
0.0020238 0.54383
0.0020238 0.54383
0.0020238 0.54383
0.0020238 0.54383
0.0020238 0.54383
0.0020238 0.54383
0.0020238 0.54383
0.0020238 0.54383
0.0020238 0.54383
0.0020238 0.54383
0.0020238 0.54383
0.0020238 0.54383
0.0020238 0.54383
0.0020238 0.54383
0.0020238 0.54383
0.0020238 0.54383
0.0020238 0.54383
0.0020238 0.54383
0.0020238 0.54383
0.0020238 0.54383
0.0020238 0.54383
0.0020238 0.54383
0.0020238 0.54383
0.0020238 0.54383
0.0020238 0.54383
0.0020238 0.54383
0.0020238 0.54383
0.0020238 0.54383
0.0020238 0.54383
0.0020238 0.54383
0.0020238 0.54383
0.0020238 0.54383
0.0020238 0.54383
0.0020238 0.54383
0.0020238 0.54383
0.0020238 0.54383
0.0020238 0.54383
0.0020238 0.54383
0.0020238 0.54383
0.0020238 0.54383
0.0020238 0.54383
0.0020238 0.54383
0.0020238 0.54383
0.0020238 0.54383
0.0020238 0.54383
0.0020238 0.54383
0.0020238 0.54383
0.0020238 0.54383
