0.235878 0.535768
0.235878 0.535768
0.235878 0.535768
0.235878 0.535768
0.235878 0.535768
0.00511045 0.535768
0.00511045 0.535768
0.00511045 0.535768
0.00511045 0.535768
0.00511045 0.535768
0.00511045 0.535768
0.00511045 0.535768
0.00511045 0.535768
0.00511045 0.535768
0.00511045 0.535768
0.00511045 0.535768
0.00511045 0.535768
0.00511045 0.535768
0.00511045 0.535768
0.00511045 0.535768
0.00511045 0.535768
0.00511045 0.535768
0.00511045 0.535768
0.00511045 0.535768
0.00511045 0.535768
0.00511045 0.535768
0.00511045 0.535768
0.00511045 0.535768
0.00511045 0.535768
0.00511045 0.535768
0.00212523 0.535768
0.00212523 0.535768
0.00212523 0.535768
0.00212523 0.535768
0.00212523 0.535768
0.00212523 0.535768
0.00212523 0.535768
0.00212523 0.535768
0.00212523 0.535768
0.00212523 0.535768
0.00212523 0.535768
0.00212523 0.535768
0.00212523 0.535768
0.00212523 0.535768
0.00212523 0.535768
0.00212523 0.535768
0.00212523 0.535768
0.00212523 0.535768
0.00212523 0.535768
0.00212523 0.535768
0.00212523 0.535768
0.00212523 0.535768
0.00212523 0.535768
0.00212523 0.535768
0.00212523 0.535768
0.00212523 0.535768
0.00212523 0.535768
0.00212523 0.535768
0.00212523 0.535768
0.00212523 0.535768
0.00212523 0.535768
0.00212523 0.535768
0.00212523 0.535768
0.00212523 0.535768
0.00212523 0.535768
0.00212523 0.535768
0.00212523 0.535768
0.00212523 0.535768
0.00212523 0.535768
0.00212523 0.535768
0.00212523 0.535768
0.00212523 0.535768
0.00212523 0.535768
0.00212523 0.535768
0.00212523 0.535768
0.00212523 0.535768
0.00212523 0.535768
0.00212523 0.535768
0.00212523 0.535768
0.00212523 0.535768
0.00212523 0.535768
0.00212523 0.535768
0.00212523 0.535768
0.00212523 0.535768
0.00212523 0.535768
0.00212523 0.535768
0.00212523 0.535768
0.00212523 0.535768
0.00212523 0.535768
0.00212523 0.535768
0.00212523 0.535768
0.00212523 0.535768
0.00212523 0.535768
0.00212523 0.535768
0.00212523 0.535768
0.00212523 0.535768
0.00212523 0.535768
0.00212523 0.535768
0.00212523 0.535768
0.00212523 0.535768
