0.00782226 0.557488
0.00782226 0.557488
0.00782226 0.557488
0.0010095 0.557488
0.0010095 0.557488
0.0010095 0.557488
0.0010095 0.557488
0.0010095 0.557488
0.0010095 0.557488
0.0010095 0.557488
0.0010095 0.557488
0.0010095 0.557488
0.0010095 0.557488
0.0010095 0.557488
0.0010095 0.557488
0.0010095 0.557488
0.0010095 0.557488
0.0010095 0.557488
0.0010095 0.557488
0.0010095 0.557488
0.0010095 0.557488
0.0010095 0.557488
0.0010095 0.557488
0.0010095 0.557488
0.0010095 0.557488
0.0010095 0.557488
0.0010095 0.536485
0.0010095 0.536485
0.0010095 0.536485
0.0010095 0.536485
0.0010095 0.536485
0.0010095 0.536485
0.0010095 0.536485
0.0010095 0.536485
0.0010095 0.536485
0.0010095 0.536485
0.0010095 0.536485
0.0010095 0.536485
0.0010095 0.536485
0.0010095 0.536485
0.0010095 0.536485
0.0010095 0.536485
0.0010095 0.536485
0.0010095 0.536485
0.0010095 0.536485
0.0010095 0.536485
0.0010095 0.536485
0.0010095 0.536485
0.0010095 0.536485
0.0010095 0.536485
0.0010095 0.536485
0.0010095 0.536485
0.0010095 0.536485
0.0010095 0.536485
0.0010095 0.536485
0.0010095 0.536485
0.0010095 0.53612
0.0010095 0.53612
0.0010095 0.53612
0.0010095 0.53612
0.0010095 0.53612
0.0010095 0.53612
0.0010095 0.53612
0.0010095 0.53612
0.0010095 0.53612
0.0010095 0.53612
0.0010095 0.53612
0.0010095 0.53612
0.0010095 0.53612
0.0010095 0.53612
0.0010095 0.53612
0.0010095 0.53612
0.0010095 0.53612
0.0010095 0.53612
0.0010095 0.53612
0.0010095 0.53612
0.0010095 0.53612
0.0010095 0.53612
0.0010095 0.53612
0.0010095 0.53612
0.0010095 0.53612
0.0010095 0.53612
0.0010095 0.53612
0.0010095 0.53612
0.0010095 0.53612
0.0010095 0.53612
0.0010095 0.53612
0.0010095 0.53612
0.0010095 0.53612
0.0010095 0.53612
0.0010095 0.53612
0.0010095 0.53612
0.0010095 0.53612
0.0010095 0.53612
0.0010095 0.53612
0.0010095 0.53612
0.0010095 0.53612
0.0010095 0.53612
0.0010095 0.53612
0.0010095 0.53612
0.0010095 0.53612
0.0010095 0.53612
0.0010095 0.53612
0.0010095 0.53612
0.0010095 0.53612
0.0010095 0.53612
0.0010095 0.53612
0.0010095 0.53612
0.0010095 0.53612
0.0010095 0.53612
0.0010095 0.53612
0.0010095 0.53612
0.0010095 0.53612
0.0010095 0.53612
0.0010095 0.53612
0.0010095 0.53612
0.0010095 0.53612
0.0010095 0.53612
0.0010095 0.53612
0.0010095 0.53612
0.0010095 0.53612
0.0010095 0.53612
0.0010095 0.53612
0.0010095 0.53612
0.0010095 0.53612
0.0010095 0.53612
0.0010095 0.53612
0.0010095 0.53612
0.0010095 0.53612
0.0010095 0.53612
0.0010095 0.529487
0.0010095 0.529487
0.0010095 0.529487
0.0010095 0.529487
0.0010095 0.529487
0.0010095 0.529487
0.0010095 0.529487
0.0010095 0.529487
0.0010095 0.529487
0.0010095 0.529487
0.0010095 0.529487
0.0010095 0.529487
0.0010095 0.529487
0.0010095 0.529487
0.0010095 0.529487
0.0010095 0.529487
0.0010095 0.529487
0.0010095 0.529487
0.0010095 0.529487
0.0010095 0.529487
0.0010095 0.529487
0.0010095 0.529487
0.0010095 0.529487
0.0010095 0.529487
0.0010095 0.529487
0.0010095 0.529487
0.0010095 0.529487
0.0010095 0.529487
0.0010095 0.529487
0.0010095 0.529487
0.0010095 0.529487
0.0010095 0.529487
0.0010095 0.529487
0.0010095 0.529487
0.0010095 0.529487
0.0010095 0.529487
0.0010095 0.529487
0.0010095 0.529487
0.0010095 0.529487
0.0010095 0.529487
0.0010095 0.529487
0.0010095 0.529487
0.0010095 0.529487
0.0010095 0.529487
0.0010095 0.529487
0.0010095 0.529487
0.0010095 0.529487
0.0010095 0.529487
0.0010095 0.529487
0.0010095 0.529487
0.0010095 0.529487
0.0010095 0.529487
0.0010095 0.529487
0.0010095 0.529487
0.0010095 0.529487
0.0010095 0.529487
0.0010095 0.529487
0.0010095 0.529487
0.0010095 0.529487
0.0010095 0.529487
0.0010095 0.529487
0.0010095 0.529487
0.0010095 0.529487
0.0010095 0.529487
0.0010095 0.529487
0.0010095 0.529487
0.0010095 0.529487
0.0010095 0.529487
0.0010095 0.529487
0.0010095 0.529487
0.0010095 0.529487
0.0010095 0.529487
0.0010095 0.529487
0.0010095 0.529487
0.0010095 0.529487
0.0010095 0.529487
0.0010095 0.529487
0.0010095 0.529487
0.0010095 0.529487
0.0010095 0.529487
0.0010095 0.529487
0.0010095 0.529487
0.0010095 0.529487
0.0010095 0.529487
0.0010095 0.529487
0.0010095 0.529487
0.0010095 0.529487
0.0010095 0.529487
0.0010095 0.529487
0.0010095 0.529487
0.0010095 0.529487
0.0010095 0.529487
0.0010095 0.529487
0.0010095 0.529487
0.0010095 0.529487
0.0010095 0.529487
0.0010095 0.529487
0.0010095 0.529487
0.0010095 0.529487
0.0010095 0.529487
0.0010095 0.529487
0.0010095 0.529487
0.0010095 0.529487
0.0010095 0.529487
0.0010095 0.529487
0.0010095 0.529487
0.0010095 0.529487
0.0010095 0.529487
0.0010095 0.529487
0.0010095 0.529487
0.0010095 0.529487
0.0010095 0.529487
0.0010095 0.529487
0.0010095 0.529487
0.0010095 0.529487
0.0010095 0.529487
0.0010095 0.529487
0.0010095 0.529487
0.0010095 0.529487
0.0010095 0.529487
0.0010095 0.529487
0.0010095 0.529487
0.0010095 0.529487
0.0010095 0.529487
0.0010095 0.529487
0.0010095 0.529487
0.0010095 0.529487
0.0010095 0.529487
0.0010095 0.529487
0.0010095 0.529487
0.0010095 0.529487
0.0010095 0.529487
0.0010095 0.529487
0.0010095 0.529487
0.0010095 0.529487
0.0010095 0.529487
0.0010095 0.529487
0.0010095 0.529487
0.0010095 0.529487
0.0010095 0.529487
0.0010095 0.529487
0.0010095 0.529487
0.0010095 0.529487
0.0010095 0.529487
0.0010095 0.529487
0.0010095 0.529487
0.0010095 0.529487
0.0010095 0.519824
0.0010095 0.519824
0.0010095 0.519824
0.0010095 0.519824
0.0010095 0.519824
0.0010095 0.519824
0.0010095 0.519824
0.0010095 0.519824
0.0010095 0.519824
0.0010095 0.519824
0.0010095 0.519824
0.0010095 0.519824
0.0010095 0.519824
0.0010095 0.519824
0.0010095 0.519824
0.0010095 0.519824
0.0010095 0.519824
0.0010095 0.519824
0.0010095 0.519824
0.0010095 0.519824
0.0010095 0.519824
0.0010095 0.519824
0.0010095 0.519824
