0.0627998 0.770531
0.0622245 0.772913
0.0608247 0.775865
0.0603552 0.77623
0.0595227 0.777742
0.0585536 0.780638
0.0574963 0.781718
0.0565415 0.78418
0.0556692 0.786762
0.054898 0.787841
0.0537417 0.790302
0.0525277 0.791556
0.0517517 0.793789
0.051253 0.795839
0.05012 0.797299
0.0484626 0.800131
0.0478531 0.801529
0.0470566 0.804572
0.0463408 0.806521
0.0454657 0.809276
0.0445017 0.811545
0.0427034 0.813334
0.0422252 0.815201
0.0412719 0.817356
0.0405535 0.820469
0.039475 0.82331
0.0386307 0.825562
0.0373474 0.827543
0.0366317 0.829599
0.0350216 0.834782
