0.767655 0.200983
0.755137 0.212124
0.744116 0.213386
0.744116 0.213386
0.744116 0.213386
0.73083 0.22181
0.725703 0.223857
0.720577 0.225984
0.714111 0.227742
0.714111 0.227742
0.695502 0.233326
0.682227 0.234353
0.682227 0.234353
0.672923 0.23727
0.672923 0.23727
0.65915 0.242114
0.656365 0.243153
0.656365 0.243153
0.650245 0.248949
0.650245 0.248949
0.639815 0.252943
0.638906 0.254887
0.633174 0.257484
0.622224 0.260313
0.622224 0.260313
0.619439 0.263959
0.619141 0.267105
0.618047 0.267725
0.618047 0.267725
0.618047 0.267725
