0.170276 0.619848
0.169377 0.620141
0.169377 0.620141
0.167399 0.622128
0.165422 0.622695
0.165254 0.623369
0.164329 0.624003
0.163991 0.625346
0.163296 0.626559
0.16211 0.627763
0.160937 0.628386
0.160064 0.62972
0.159849 0.630938
0.158838 0.631793
0.157298 0.63247
0.156928 0.633191
0.154746 0.634033
0.154746 0.634033
0.152571 0.636626
0.151844 0.63678
0.150455 0.63778
0.14968 0.638098
0.149146 0.638567
0.147516 0.640276
0.147516 0.640276
0.146767 0.642223
0.146336 0.643877
0.145323 0.645352
0.144586 0.646452
0.144154 0.647507
