0.294641 0.489864
0.294641 0.489864
0.292114 0.491501
0.290676 0.493897
0.287386 0.495176
0.287386 0.495176
0.285494 0.497651
0.285185 0.499132
0.281562 0.500698
0.281562 0.500698
0.280511 0.503094
0.277857 0.504985
0.277857 0.504985
0.275563 0.507741
0.27479 0.508885
0.272567 0.51039
0.271596 0.511659
0.26896 0.51317
0.267848 0.513935
0.266104 0.515645
0.264342 0.516406
0.263579 0.517296
0.261282 0.518919
0.259623 0.519925
0.257867 0.521104
0.255614 0.522835
0.253647 0.523485
0.252769 0.524699
0.250286 0.525627
0.249654 0.52741
