0.136376 0.646921
0.135549 0.648459
0.134702 0.649662
0.131974 0.651115
0.131974 0.651115
0.130465 0.653812
0.129074 0.655749
0.129074 0.655749
0.127903 0.657696
0.126912 0.658807
0.125579 0.660613
0.124825 0.661972
0.123486 0.664023
0.123486 0.664023
0.121778 0.666974
0.121107 0.668377
0.119834 0.670115
0.119362 0.671781
0.118311 0.673494
0.117662 0.674524
0.1162 0.676602
0.115329 0.677219
0.113847 0.678934
0.113232 0.681518
0.111966 0.682383
0.111747 0.683657
0.109733 0.68477
0.109306 0.686883
0.108439 0.68788
0.107249 0.689835
