0.228441 0.783454
0.224921 0.78485
0.221124 0.785885
0.221124 0.785885
0.220791 0.787854
0.217913 0.788175
0.214476 0.788806
0.212577 0.789324
0.20755 0.791022
0.20755 0.791022
0.205985 0.791615
0.204421 0.792211
0.20018 0.792431
0.20018 0.792431
0.197545 0.793631
0.195183 0.795275
0.190831 0.796012
0.190831 0.796012
0.188301 0.796163
0.185996 0.796879
0.185996 0.796879
0.183498 0.798364
0.182262 0.79924
0.181012 0.800282
0.173891 0.802897
0.173891 0.802897
0.173891 0.802897
0.171777 0.804107
0.171418 0.804687
0.169345 0.805772
0.166256 0.807744
0.166256 0.807744
0.163003 0.811052
0.163003 0.811052
0.161947 0.811672
0.161362 0.815122
0.156868 0.815216
0.156868 0.815216
0.156683 0.817442
0.153716 0.818861
0.153716 0.818861
0.151325 0.821644
0.149402 0.822065
0.148658 0.823388
0.146916 0.824343
0.145679 0.825677
0.144043 0.826247
0.140921 0.827192
0.140789 0.828131
0.138764 0.828827
0.137521 0.829978
0.132921 0.832668
0.132921 0.832668
0.132921 0.832668
0.131874 0.834485
0.128757 0.836056
0.12794 0.836708
0.126863 0.838136
0.125228 0.839437
0.124456 0.841158
0.121876 0.844282
0.121876 0.844282
0.12061 0.844499
0.119935 0.846567
0.118075 0.848953
0.117626 0.849014
0.115083 0.853742
0.113793 0.855193
0.112433 0.855579
0.11079 0.856787
0.10938 0.859212
0.108293 0.859646
0.1073 0.859885
0.104287 0.862101
0.104287 0.862101
