0.034562 0.839667
0.0334804 0.841231
0.0320927 0.843611
0.0312264 0.847517
0.0298139 0.850015
0.0293187 0.850678
0.0278905 0.85568
0.0271585 0.857439
0.0256527 0.861738
0.0248473 0.864725
0.0237276 0.866651
0.0225658 0.869653
0.0213328 0.87273
0.0202201 0.875706
0.019252 0.879372
0.0178966 0.882772
0.0167756 0.887918
0.0152762 0.8927
0.0142691 0.899698
0.0131952 0.90409
0.0118234 0.909476
0.0107358 0.915987
0.00934327 0.920883
0.00827555 0.925535
0.00688477 0.934151
0.00555308 0.941999
0.00437476 0.948308
0.00282485 0.958594
0.00125492 0.973088
1.67324e-05 0.996906
