0.0869372 0.728285
0.0860044 0.730995
0.0841965 0.732051
0.0841965 0.732051
0.083058 0.734993
0.0828689 0.736296
0.0817463 0.737706
0.0812036 0.738525
0.0803881 0.74029
0.0784625 0.742518
0.0784625 0.742518
0.0776474 0.744128
0.0769733 0.745257
0.0761412 0.746897
0.0751488 0.748172
0.0739921 0.750466
0.0734722 0.752487
0.0723668 0.753867
0.0715503 0.754379
0.0710186 0.756202
0.0701593 0.757611
0.0695363 0.760044
0.0685765 0.761659
0.0666732 0.763301
0.0665658 0.763607
0.0660598 0.766084
0.0651513 0.767839
0.063887 0.769733
0.0630957 0.771144
0.0628124 0.773394
