0.148538 0.642845
0.147415 0.644072
0.146469 0.645332
0.145288 0.646697
0.144441 0.64767
0.143854 0.648772
0.142116 0.649166
0.140554 0.649048
0.140369 0.65117
0.136963 0.652042
0.136963 0.652042
0.136963 0.652042
0.134803 0.65556
0.134803 0.65556
0.133427 0.65621
0.133102 0.657922
0.132628 0.659002
0.1314 0.660295
0.130136 0.661168
0.130136 0.661168
0.129798 0.664691
0.128904 0.665965
0.128322 0.666163
0.126772 0.667746
0.12597 0.669931
0.124951 0.671206
0.124951 0.671206
0.12425 0.674234
0.122992 0.67547
0.122365 0.677219
