0.974279 0.0715539
0.974279 0.0715539
0.974279 0.0754247
0.956341 0.0799663
0.949941 0.0819146
0.941502 0.0861839
0.933063 0.0904697
0.926746 0.0927832
0.921323 0.0957769
0.921323 0.0957769
0.908522 0.102387
0.903552 0.103804
0.896765 0.107366
0.896765 0.107366
0.885446 0.11322
0.877281 0.1164
0.869987 0.120273
0.867341 0.12272
0.857053 0.126029
0.856987 0.128765
0.854837 0.131996
0.849545 0.13348
0.842036 0.136953
0.824129 0.141493
0.824129 0.141493
0.824129 0.141493
0.824129 0.141493
0.824129 0.141493
0.81187 0.156128
0.804295 0.156778
