0.996087 0.0171581 
0.994181 0.0187422 
0.996087 0.0171581 
0.994206 0.0201734 
0.982496 0.0267187 
0.971407 0.032644 
0.961947 0.0368417 
0.949757 0.0392575 
0.949757 0.0392575 
0.937093 0.0462489 
0.934392 0.0490375 
0.926408 0.0526861 
0.923859 0.0549568 
0.919692 0.0571554 
0.909322 0.0607246 
0.904228 0.0649043 
0.89602 0.0678958 
0.897896 0.0684586 
0.88452 0.073632 
0.878099 0.0763141 
0.874285 0.0795303 
0.866301 0.0829521 
0.862356 0.0845294 
0.862356 0.0845294 
0.862356 0.0845294 
0.849965 0.0949183 
0.842888 0.0969273 
0.842733 0.0988253 
0.831041 0.102622 
0.828371 0.105156 
0.824963 0.107137 
0.817433 0.110943 
0.810876 0.113952 
0.803268 0.117704 
0.80127 0.118731 
0.798464 0.12028 
0.790771 0.124008 
0.786671 0.126644 
0.78065 0.130131 
0.776822 0.133621 
0.770443 0.136225 
0.765237 0.138021 
0.761216 0.14111 
0.755351 0.143291 
0.751351 0.145576 
0.745925 0.148631 
0.740054 0.152193 
0.734939 0.155109 
0.733336 0.156601 
0.728495 0.158413 
0.721007 0.162693 
0.71833 0.164698 
0.712145 0.167752 
0.710073 0.168455 
0.703977 0.172511 
0.699199 0.175708 
0.697891 0.177165 
0.691024 0.179911 
0.684557 0.182872 
0.682775 0.184969 
0.680856 0.186768 
0.673111 0.191034 
0.672164 0.192811 
0.667801 0.193848 
0.661631 0.197183 
0.656758 0.200158 
0.652502 0.202617 
0.651086 0.204872 
0.645495 0.208255 
0.641709 0.210811 
0.6389 0.212284 
0.635967 0.213362 
0.630061 0.216884 
0.624723 0.219504 
0.621991 0.2218 
0.618639 0.223609 
0.61279 0.2271 
0.609215 0.228968 
0.60762 0.22998 
0.601449 0.23346 
0.599605 0.235403 
0.595856 0.237881 
0.589738 0.241397 
0.5859 0.243538 
0.582673 0.246035 
0.580699 0.247448 
0.576232 0.25039 
0.572592 0.252724 
0.569129 0.254328 
0.564295 0.257792 
0.564171 0.257927 
0.560385 0.260304 
0.555576 0.263778 
0.552259 0.265828 
0.546881 0.269353 
0.543613 0.27158 
0.540401 0.273433 
0.537251 0.275983 
0.534837 0.277563 
0.530731 0.280601 
0.529348 0.283515 
0.523379 0.285794 
0.521465 0.286711 
0.51682 0.289441 
0.513503 0.291938 
0.510213 0.294665 
0.50715 0.296969 
0.503271 0.298999 
0.501909 0.301303 
0.496848 0.303772 
0.493392 0.306155 
0.492129 0.306738 
0.487347 0.310255 
0.485089 0.312792 
0.480401 0.315138 
0.478674 0.317476 
0.476053 0.318151 
0.472145 0.322012 
0.47093 0.323047 
0.466122 0.326663 
0.464137 0.328615 
0.459711 0.331095 
0.456868 0.332379 
0.453523 0.335039 
0.451411 0.337271 
0.447734 0.339039 
0.44577 0.341413 
0.441549 0.344911 
0.438523 0.346908 
0.436935 0.348516 
0.431174 0.351932 
0.430285 0.353592 
0.427201 0.354966 
0.424205 0.357409 
0.420664 0.360439 
0.417259 0.362648 
0.415149 0.364443 
0.412383 0.366275 
0.409377 0.368852 
0.406834 0.372439 
0.403201 0.373504 
0.401866 0.375107 
0.40015 0.377055 
0.394714 0.381034 
0.392165 0.383401 
0.38942 0.385726 
0.38749 0.38743 
0.384027 0.390318 
0.381305 0.392407 
0.379456 0.394129 
0.374655 0.396917 
0.373011 0.399082 
0.369643 0.401566 
0.367474 0.403608 
0.364391 0.406026 
0.361709 0.408117 
0.360374 0.409463 
0.35637 0.412443 
0.353672 0.414824 
0.351256 0.416778 
0.348625 0.419337 
0.345865 0.421332 
0.342991 0.423773 
0.340987 0.42536 
0.338037 0.427753 
0.334895 0.430413 
0.333114 0.432198 
0.329555 0.434994 
0.32663 0.437545 
0.324024 0.439869 
0.321491 0.442078 
0.319928 0.44342 
0.316121 0.447279 
0.31375 0.449348 
0.310718 0.451705 
0.308033 0.454361 
0.30596 0.456072 
0.302876 0.458623 
0.301913 0.459889 
0.298022 0.463061 
0.29543 0.465875 
0.29258 0.468011 
0.290485 0.470655 
0.287598 0.472538 
0.285069 0.474972 
0.282702 0.477171 
0.27987 0.479583 
0.277963 0.48189 
0.274855 0.484663 
0.272482 0.486965 
0.270931 0.488446 
0.267342 0.491736 
0.264891 0.494169 
0.262232 0.497046 
0.259949 0.498623 
0.258214 0.500509 
0.254975 0.503534 
0.252998 0.505703 
0.250857 0.507777 
0.247115 0.511557 
0.244862 0.51422 
0.242372 0.516722 
0.239796 0.518723 
0.23765 0.520899 
0.235052 0.52399 
0.232594 0.526384 
0.230373 0.528717 
0.228791 0.529839 
0.225293 0.534637 
0.222737 0.537058 
0.220481 0.538261 
0.217846 0.540824 
0.215167 0.544302 
0.213273 0.546327 
0.210885 0.548818 
0.208361 0.552004 
0.205977 0.555126 
0.203574 0.557023 
0.20106 0.560281 
0.198625 0.562446 
0.196643 0.565576 
0.193756 0.567642 
0.190938 0.57153 
0.188876 0.574602 
0.186883 0.575862 
0.184031 0.579359 
0.181874 0.581648 
0.180082 0.584013 
0.177034 0.587465 
0.174102 0.590812 
0.172368 0.593194 
0.16988 0.595651 
0.167453 0.599283 
0.164928 0.601957 
0.16247 0.605056 
0.1602 0.607746 
0.157781 0.611038 
0.155249 0.613564 
0.152986 0.616279 
0.150655 0.619904 
0.148338 0.62228 
0.145873 0.625843 
0.143657 0.629455 
0.141249 0.632373 
0.139012 0.635465 
0.136441 0.638827 
0.13392 0.641474 
0.131604 0.645202 
0.129121 0.648104 
0.127046 0.651769 
0.124486 0.655103 
0.122068 0.658526 
0.119757 0.661831 
0.117248 0.665333 
0.115126 0.669028 
0.11257 0.672312 
0.110297 0.675536 
0.107887 0.679644 
0.105059 0.68349 
0.103149 0.68696 
0.100744 0.690487 
0.0982019 0.693323 
0.0960206 0.698091 
0.0932731 0.701527 
0.0912188 0.705675 
0.0887401 0.710592 
0.0851784 0.714832 
0.0839335 0.718207 
0.0814501 0.722939 
0.0789716 0.726432 
0.0766302 0.730703 
0.0741192 0.734982 
0.0714468 0.742413 
0.0689599 0.746082 
0.0665909 0.750561 
0.0643382 0.755799 
0.0616696 0.761104 
0.059418 0.765512 
0.0564015 0.771104 
0.0541475 0.775312 
0.0515869 0.780441 
0.0489211 0.786406 
0.0464082 0.792278 
0.043912 0.797709 
0.0414991 0.803067 
0.0386729 0.810753 
0.0362616 0.817226 
0.0336484 0.823925 
0.0309459 0.830822 
0.0282321 0.838554 
0.0252543 0.846802 
0.0229006 0.854885 
0.0201536 0.864065 
0.0173984 0.87382 
0.0146474 0.884078 
0.011857 0.896632 
0.0089949 0.909963 
0.00600424 0.926758 
0.00300983 0.948415 
1.66057e-05 0.996201 
